depth 0=
[0.409803926945]	[0.413725495338]	[0.413725495338]	[0.409803926945]	[0.409803926945]	[0.409803926945]	[0.413725495338]	[0.409803926945]	[0.413725495338]	[0.409803926945]	[0.409803926945]	[0.409803926945]	[0.401960790157]	[0.405882358551]	[0.409803926945]	[0.413725495338]	[0.413725495338]	[0.413725495338]	[0.413725495338]	[0.413725495338]	[0.413725495338]	[0.413725495338]	[0.409803926945]	[0.409803926945]	[0.409803926945]	[0.409803926945]	[0.409803926945]	[0.409803926945]	[0.409803926945]	[0.409803926945]	[0.405882358551]	[0.421568632126]	
[0.421568632126]	[0.42549020052]	[0.42549020052]	[0.421568632126]	[0.421568632126]	[0.421568632126]	[0.42549020052]	[0.42549020052]	[0.42549020052]	[0.421568632126]	[0.417647063732]	[0.417647063732]	[0.417647063732]	[0.42549020052]	[0.42549020052]	[0.429411768913]	[0.42549020052]	[0.42549020052]	[0.42549020052]	[0.42549020052]	[0.42549020052]	[0.42549020052]	[0.421568632126]	[0.421568632126]	[0.421568632126]	[0.421568632126]	[0.421568632126]	[0.421568632126]	[0.421568632126]	[0.421568632126]	[0.421568632126]	[0.433333337307]	
[0.417647063732]	[0.421568632126]	[0.421568632126]	[0.417647063732]	[0.417647063732]	[0.417647063732]	[0.417647063732]	[0.417647063732]	[0.417647063732]	[0.405882358551]	[0.405882358551]	[0.390196084976]	[0.417647063732]	[0.421568632126]	[0.42549020052]	[0.42549020052]	[0.421568632126]	[0.421568632126]	[0.417647063732]	[0.417647063732]	[0.417647063732]	[0.417647063732]	[0.417647063732]	[0.417647063732]	[0.417647063732]	[0.417647063732]	[0.417647063732]	[0.417647063732]	[0.417647063732]	[0.417647063732]	[0.417647063732]	[0.429411768913]	
[0.421568632126]	[0.421568632126]	[0.421568632126]	[0.417647063732]	[0.417647063732]	[0.417647063732]	[0.417647063732]	[0.42549020052]	[0.39411765337]	[0.311764717102]	[0.319607853889]	[0.229411780834]	[0.374509811401]	[0.39411765337]	[0.409803926945]	[0.413725495338]	[0.421568632126]	[0.421568632126]	[0.417647063732]	[0.417647063732]	[0.417647063732]	[0.417647063732]	[0.417647063732]	[0.417647063732]	[0.421568632126]	[0.421568632126]	[0.421568632126]	[0.421568632126]	[0.421568632126]	[0.421568632126]	[0.421568632126]	[0.433333337307]	
[0.42549020052]	[0.42549020052]	[0.42549020052]	[0.421568632126]	[0.421568632126]	[0.421568632126]	[0.421568632126]	[0.429411768913]	[0.401960790157]	[0.339215695858]	[0.264705896378]	[0.139215707779]	[0.296078443527]	[0.358823537827]	[0.413725495338]	[0.42549020052]	[0.421568632126]	[0.421568632126]	[0.417647063732]	[0.417647063732]	[0.421568632126]	[0.421568632126]	[0.417647063732]	[0.417647063732]	[0.421568632126]	[0.421568632126]	[0.421568632126]	[0.421568632126]	[0.421568632126]	[0.421568632126]	[0.417647063732]	[0.429411768913]	
[0.429411768913]	[0.429411768913]	[0.429411768913]	[0.42549020052]	[0.42549020052]	[0.42549020052]	[0.42549020052]	[0.42549020052]	[0.386274516582]	[0.311764717102]	[0.221568644047]	[0.147058844566]	[0.18235296011]	[0.22549021244]	[0.260784327984]	[0.315686285496]	[0.398039221764]	[0.421568632126]	[0.409803926945]	[0.417647063732]	[0.429411768913]	[0.429411768913]	[0.421568632126]	[0.417647063732]	[0.421568632126]	[0.421568632126]	[0.42549020052]	[0.42549020052]	[0.42549020052]	[0.42549020052]	[0.42549020052]	[0.437254905701]	
[0.437254905701]	[0.429411768913]	[0.42549020052]	[0.421568632126]	[0.421568632126]	[0.421568632126]	[0.42549020052]	[0.413725495338]	[0.276470601559]	[0.111764729023]	[0.0607843399048]	[0.0647059082985]	[0.103921592236]	[0.123529434204]	[0.131372570992]	[0.217647075653]	[0.366666674614]	[0.413725495338]	[0.378431379795]	[0.382352948189]	[0.437254905701]	[0.437254905701]	[0.429411768913]	[0.429411768913]	[0.42549020052]	[0.429411768913]	[0.429411768913]	[0.417647063732]	[0.405882358551]	[0.409803926945]	[0.39411765337]	[0.39411765337]	
[0.433333337307]	[0.429411768913]	[0.42549020052]	[0.417647063732]	[0.413725495338]	[0.413725495338]	[0.417647063732]	[0.398039221764]	[0.229411780834]	[0.135294139385]	[0.123529434204]	[0.147058844566]	[0.178431391716]	[0.221568644047]	[0.22549021244]	[0.25686275959]	[0.339215695858]	[0.413725495338]	[0.358823537827]	[0.28823530674]	[0.441176474094]	[0.437254905701]	[0.437254905701]	[0.437254905701]	[0.433333337307]	[0.429411768913]	[0.417647063732]	[0.398039221764]	[0.390196084976]	[0.401960790157]	[0.378431379795]	[0.331372559071]	
[0.433333337307]	[0.429411768913]	[0.421568632126]	[0.401960790157]	[0.401960790157]	[0.39411765337]	[0.39411765337]	[0.382352948189]	[0.354901969433]	[0.350980401039]	[0.323529422283]	[0.319607853889]	[0.315686285496]	[0.358823537827]	[0.319607853889]	[0.319607853889]	[0.401960790157]	[0.413725495338]	[0.36274510622]	[0.272549033165]	[0.437254905701]	[0.429411768913]	[0.433333337307]	[0.433333337307]	[0.433333337307]	[0.42549020052]	[0.405882358551]	[0.390196084976]	[0.382352948189]	[0.382352948189]	[0.366666674614]	[0.347058832645]	
[0.433333337307]	[0.42549020052]	[0.421568632126]	[0.374509811401]	[0.229411780834]	[0.154901981354]	[0.154901981354]	[0.174509823322]	[0.22549021244]	[0.28823530674]	[0.350980401039]	[0.382352948189]	[0.382352948189]	[0.405882358551]	[0.390196084976]	[0.39411765337]	[0.42549020052]	[0.409803926945]	[0.386274516582]	[0.339215695858]	[0.413725495338]	[0.421568632126]	[0.421568632126]	[0.42549020052]	[0.429411768913]	[0.421568632126]	[0.382352948189]	[0.174509823322]	[0.0333333611488]	[-0.013725489378]	[-0.0333333313465]	[-0.0372548997402]	
[0.429411768913]	[0.421568632126]	[0.417647063732]	[0.347058832645]	[0.084313750267]	[-0.0254901945591]	[0.00196081399918]	[0.0254902243614]	[0.0372549295425]	[0.0725490450859]	[0.143137276173]	[0.249019622803]	[0.374509811401]	[0.398039221764]	[0.405882358551]	[0.405882358551]	[0.401960790157]	[0.409803926945]	[0.405882358551]	[0.398039221764]	[0.401960790157]	[0.405882358551]	[0.417647063732]	[0.42549020052]	[0.398039221764]	[0.390196084976]	[0.370588243008]	[0.0725490450859]	[-0.0647058784962]	[-0.0764705836773]	[-0.0960784256458]	[-0.0725490152836]	
[0.42549020052]	[0.417647063732]	[0.405882358551]	[0.358823537827]	[0.22549021244]	[0.0568627715111]	[0.166666686535]	[0.229411780834]	[0.198039233685]	[0.209803938866]	[0.186274528503]	[0.217647075653]	[0.354901969433]	[0.382352948189]	[0.386274516582]	[0.382352948189]	[0.36274510622]	[0.347058832645]	[0.327450990677]	[0.319607853889]	[0.323529422283]	[0.358823537827]	[0.36274510622]	[0.347058832645]	[0.327450990677]	[0.335294127464]	[0.374509811401]	[0.319607853889]	[0.284313738346]	[0.280392169952]	[0.237254917622]	[0.264705896378]	
[0.421568632126]	[0.409803926945]	[0.366666674614]	[0.358823537827]	[0.370588243008]	[0.268627464771]	[0.331372559071]	[0.366666674614]	[0.350980401039]	[0.374509811401]	[0.36274510622]	[0.354901969433]	[0.374509811401]	[0.292156875134]	[0.100000023842]	[0.0372549295425]	[-0.0215686261654]	[-0.0647058784962]	[-0.103921562433]	[-0.135294109583]	[-0.115686267614]	[0.18235296011]	[0.311764717102]	[0.194117665291]	[0.170588254929]	[0.296078443527]	[0.339215695858]	[0.374509811401]	[0.339215695858]	[0.292156875134]	[0.249019622803]	[0.25686275959]	
[0.366666674614]	[0.327450990677]	[0.237254917622]	[0.201960802078]	[0.280392169952]	[0.331372559071]	[0.327450990677]	[0.292156875134]	[0.311764717102]	[0.374509811401]	[0.390196084976]	[0.413725495338]	[0.417647063732]	[0.366666674614]	[0.123529434204]	[-0.0999999940395]	[-0.241176456213]	[-0.292156875134]	[-0.307843148708]	[-0.323529422283]	[-0.28823530674]	[0.11960786581]	[0.347058832645]	[0.315686285496]	[0.245098054409]	[0.249019622803]	[0.166666686535]	[0.0411764979362]	[-0.00980392098427]	[-0.0568627417088]	[-0.0647058784962]	[-0.0568627417088]	
[0.272549033165]	[0.213725507259]	[0.0411764979362]	[0.00196081399918]	[0.0215686559677]	[0.0333333611488]	[0.00980395078659]	[-0.00980392098427]	[0.0137255191803]	[0.0764706134796]	[0.11960786581]	[0.217647075653]	[0.303921580315]	[0.358823537827]	[0.366666674614]	[0.311764717102]	[0.209803938866]	[0.0411764979362]	[-0.103921562433]	[-0.127450972795]	[-0.0960784256458]	[0.139215707779]	[0.307843148708]	[0.339215695858]	[0.264705896378]	[0.0921568870544]	[0.04509806633]	[-0.0176470577717]	[-0.233333319426]	[-0.252941191196]	[-0.229411751032]	[-0.260784327984]	
[0.22549021244]	[0.237254917622]	[0.115686297417]	[0.0882353186607]	[0.0411764979362]	[-0.0215686261654]	[-0.080392152071]	[-0.0882352888584]	[-0.111764699221]	[-0.131372541189]	[-0.115686267614]	[-0.0450980365276]	[0.017647087574]	[0.0686274766922]	[0.123529434204]	[0.18235296011]	[0.284313738346]	[0.354901969433]	[0.276470601559]	[0.217647075653]	[0.209803938866]	[0.213725507259]	[0.221568644047]	[0.178431391716]	[0.139215707779]	[-0.0333333313465]	[-0.123529404402]	[0.017647087574]	[-0.00196078419685]	[-0.166666656733]	[-0.272549033165]	[-0.343137264252]	
[0.115686297417]	[0.147058844566]	[0.198039233685]	[0.245098054409]	[0.233333349228]	[0.178431391716]	[0.127451002598]	[0.115686297417]	[0.103921592236]	[0.084313750267]	[0.084313750267]	[0.103921592236]	[0.0686274766922]	[0.0568627715111]	[0.0411764979362]	[0.0647059082985]	[0.190196096897]	[0.386274516582]	[0.401960790157]	[0.378431379795]	[0.39411765337]	[0.36274510622]	[0.311764717102]	[0.209803938866]	[0.174509823322]	[0.0529412031174]	[-0.0372548997402]	[0.0411764979362]	[0.307843148708]	[0.0254902243614]	[-0.398039221764]	[-0.449019610882]	
[0.0411764979362]	[0.00196081399918]	[0.0137255191803]	[0.0333333611488]	[0.0647059082985]	[0.131372570992]	[0.170588254929]	[0.174509823322]	[0.221568644047]	[0.252941191196]	[0.260784327984]	[0.241176486015]	[0.237254917622]	[0.25686275959]	[0.205882370472]	[0.276470601559]	[0.323529422283]	[0.366666674614]	[0.374509811401]	[0.319607853889]	[0.401960790157]	[0.409803926945]	[0.413725495338]	[0.398039221764]	[0.386274516582]	[0.331372559071]	[0.280392169952]	[0.272549033165]	[0.382352948189]	[0.284313738346]	[-0.272549033165]	[-0.480392158031]	
[0.00588238239288]	[0.00588238239288]	[-0.0254901945591]	[-0.0882352888584]	[-0.131372541189]	[-0.135294109583]	[-0.14313724637]	[-0.139215677977]	[-0.0647058784962]	[-0.00588235259056]	[0.017647087574]	[-0.052941173315]	[-0.0568627417088]	[0.0725490450859]	[0.111764729023]	[0.0686274766922]	[0.0764706134796]	[0.103921592236]	[0.205882370472]	[0.194117665291]	[0.245098054409]	[0.252941191196]	[0.249019622803]	[0.260784327984]	[0.260784327984]	[0.260784327984]	[0.252941191196]	[0.221568644047]	[0.229411780834]	[0.245098054409]	[0.0686274766922]	[-0.347058832645]	
[0.00980395078659]	[-0.0254901945591]	[-0.0490196049213]	[-0.0764705836773]	[-0.103921562433]	[-0.135294109583]	[-0.17450979352]	[-0.186274498701]	[-0.17450979352]	[-0.158823519945]	[-0.131372541189]	[-0.131372541189]	[-0.131372541189]	[-0.0607843101025]	[-0.0372548997402]	[-0.0999999940395]	[-0.107843130827]	[-0.0921568572521]	[-0.013725489378]	[0.00588238239288]	[0.00588238239288]	[-0.00196078419685]	[0.00196081399918]	[0.0137255191803]	[0.00980395078659]	[-0.00196078419685][0.00196081399918]	[0.0137255191803]	[0.0372549295425]	[0.0607843399048]	[0.135294139385]	[-0.0215686261654]	
[0.0333333611488]	[-0.00980392098427]	[-0.0568627417088]	[-0.139215677977]	[-0.178431361914]	[-0.186274498701]	[-0.198039203882]	[-0.186274498701]	[-0.186274498701]	[-0.190196067095]	[-0.166666656733]	[-0.127450972795]	[-0.107843130827]	[-0.0843137204647]	[-0.0686274468899]	[-0.0490196049213]	[-0.0294117629528]	[-0.0372548997402]	[-0.0372548997402]	[-0.0490196049213]	[-0.0568627417088]	[-0.080392152071]	[-0.0999999940395]	[-0.131372541189]	[-0.147058814764]	[-0.158823519945]	[-0.158823519945]	[-0.170588225126]	[-0.186274498701]	[-0.198039203882]	[-0.201960772276]	[-0.213725477457]	
[0.0372549295425]	[0.00980395078659]	[-0.0294117629528]	[-0.0921568572521]	[-0.158823519945]	[-0.217647045851]	[-0.276470601559]	[-0.276470601559]	[-0.276470601559]	[-0.292156875134]	[-0.292156875134]	[-0.284313738346]	[-0.264705896378]	[-0.237254887819]	[-0.217647045851]	[-0.221568614244]	[-0.225490182638]	[-0.241176456213]	[-0.264705896378]	[-0.296078443527]	[-0.311764717102]	[-0.335294127464]	[-0.366666674614]	[-0.398039221764]	[-0.413725495338]	[-0.421568632126]	[-0.417647063732]	[-0.429411768913]	[-0.429411768913]	[-0.464705884457]	[-0.488235294819]	[-0.449019610882]	
[0.100000023842]	[0.0254902243614]	[-0.0215686261654]	[-0.0450980365276]	[-0.0176470577717]	[-0.0568627417088]	[-0.166666656733]	[-0.276470601559]	[-0.347058832645]	[-0.382352948189]	[-0.413725495338]	[-0.417647063732]	[-0.417647063732]	[-0.417647063732]	[-0.405882358551]	[-0.449019610882]	[-0.488235294819]	[-0.496078431606]	[-0.480392158031]	[-0.476470589638]	[-0.5]	[-0.5]	[-0.5]	[-0.496078431606]	[-0.488235294819]	[-0.46862745285]	[-0.413725495338]	[-0.358823537827]	[-0.374509811401]	[-0.46862745285]	[-0.456862747669]	[-0.358823537827]	
[0.174509823322]	[0.0725490450859]	[0.017647087574]	[-0.0411764681339]	[-0.052941173315]	[0.017647087574]	[0.0647059082985]	[-0.0215686261654]	[-0.162745088339]	[-0.25686275959]	[-0.339215695858]	[-0.401960790157]	[-0.445098042488]	[-0.472549021244]	[-0.484313726425]	[-0.484313726425]	[-0.460784316063]	[-0.378431379795]	[-0.276470601559]	[-0.433333337307]	[-0.5]	[-0.492156863213]	[-0.480392158031]	[-0.441176474094]	[-0.39411765337]	[-0.307843148708]	[-0.225490182638]	[-0.221568614244]	[-0.39411765337]	[-0.449019610882]	[-0.398039221764]	[-0.36274510622]	
[0.221568644047]	[0.143137276173]	[0.0568627715111]	[0.00588238239288]	[-0.0294117629528]	[-0.0843137204647]	[-0.0882352888584]	[-0.00196078419685]	[0.0921568870544]	[0.103921592236]	[0.0411764979362]	[-0.0372548997402]	[-0.0725490152836]	[-0.0882352888584]	[-0.0882352888584]	[-0.0607843101025]	[0.0137255191803]	[0.131372570992]	[-0.0372548997402]	[-0.472549021244]	[-0.5]	[-0.492156863213]	[-0.484313726425]	[-0.429411768913]	[-0.358823537827]	[-0.28823530674]	[-0.245098024607]	[-0.323529422283]	[-0.488235294819]	[-0.484313726425]	[-0.449019610882]	[-0.437254905701]	
[0.22549021244]	[0.170588254929]	[0.0960784554482]	[0.017647087574]	[0.00588238239288]	[-0.0215686261654]	[-0.0921568572521]	[-0.127450972795]	[-0.0960784256458]	[-0.0176470577717]	[0.0882353186607]	[0.174509823322]	[0.233333349228]	[0.264705896378]	[0.260784327984]	[0.268627464771]	[0.303921580315]	[0.213725507259]	[-0.233333319426]	[-0.5]	[-0.488235294819]	[-0.492156863213]	[-0.492156863213]	[-0.472549021244]	[-0.417647063732]	[-0.374509811401]	[-0.382352948189]	[-0.452941179276]	[-0.5]	[-0.5]	[-0.452941179276]	[-0.343137264252]	
[0.221568644047]	[0.178431391716]	[0.135294139385]	[0.0647059082985]	[0.00588238239288]	[-0.00980392098427]	[-0.00980392098427]	[-0.0411764681339]	[-0.131372541189]	[-0.182352930307]	[-0.14313724637]	[-0.0333333313465]	[0.107843160629]	[0.201960802078]	[0.249019622803]	[0.264705896378]	[0.296078443527]	[0.100000023842]	[-0.374509811401]	[-0.496078431606]	[-0.484313726425]	[-0.492156863213]	[-0.492156863213]	[-0.484313726425]	[-0.452941179276]	[-0.429411768913]	[-0.452941179276]	[-0.484313726425]	[-0.496078431606]	[-0.496078431606]	[-0.398039221764]	[-0.229411751032]	
[0.229411780834]	[0.190196096897]	[0.147058844566]	[0.0764706134796]	[0.017647087574]	[-0.0254901945591]	[-0.0215686261654]	[0.00196081399918]	[-0.0254901945591]	[-0.0999999940395]	[-0.166666656733]	[-0.209803909063]	[-0.166666656733]	[-0.0254901945591]	[0.162745118141]	[0.276470601559]	[0.303921580315]	[0.0568627715111]	[-0.39411765337]	[-0.496078431606]	[-0.488235294819]	[-0.496078431606]	[-0.496078431606]	[-0.496078431606]	[-0.484313726425]	[-0.472549021244]	[-0.480392158031]	[-0.492156863213]	[-0.492156863213]	[-0.496078431606]	[-0.315686285496]	[-0.17450979352]	
[0.237254917622]	[0.194117665291]	[0.135294139385]	[0.0803921818733]	[0.0333333611488]	[0.00196081399918]	[-0.00980392098427]	[-0.0176470577717]	[-0.013725489378]	[-0.0215686261654]	[-0.0490196049213]	[-0.111764699221]	[-0.209803909063]	[-0.280392169952]	[-0.209803909063]	[-0.0411764681339]	[0.115686297417]	[-0.0999999940395]	[-0.441176474094]	[-0.5]	[-0.496078431606]	[-0.496078431606]	[-0.496078431606]	[-0.496078431606]	[-0.496078431606]	[-0.496078431606]	[-0.496078431606]	[-0.492156863213]	[-0.488235294819]	[-0.476470589638]	[-0.28823530674]	[-0.139215677977]	
[0.237254917622]	[0.213725507259]	[0.162745118141]	[0.111764729023]	[0.0607843399048]	[0.04509806633]	[0.0137255191803]	[-0.0294117629528]	[-0.0450980365276]	[-0.0176470577717]	[0.0254902243614]	[0.017647087574]	[-0.0568627417088]	[-0.186274498701]	[-0.276470601559]	[-0.292156875134]	[-0.221568614244]	[-0.335294127464]	[-0.484313726425]	[-0.5]	[-0.492156863213]	[-0.488235294819]	[-0.488235294819]	[-0.488235294819]	[-0.492156863213]	[-0.492156863213]	[-0.480392158031]	[-0.46862745285]	[-0.456862747669]	[-0.42549020052]	[-0.331372559071]	[-0.158823519945]	
[0.233333349228]	[0.22549021244]	[0.18235296011]	[0.123529434204]	[0.0803921818733]	[0.04509806633]	[0.0137255191803]	[-0.0176470577717]	[-0.0490196049213]	[-0.0411764681339]	[0.0137255191803]	[0.04509806633]	[0.00196081399918]	[-0.0450980365276]	[-0.0921568572521]	[-0.158823519945]	[-0.249019593]	[-0.354901969433]	[-0.409803926945]	[-0.42549020052]	[-0.42549020052]	[-0.421568632126]	[-0.42549020052]	[-0.429411768913]	[-0.437254905701]	[-0.433333337307]	[-0.413725495338]	[-0.39411765337]	[-0.378431379795]	[-0.358823537827]	[-0.319607853889]	[-0.178431361914]	
[0.229411780834]	[0.205882370472]	[0.158823549747]	[0.11960786581]	[0.084313750267]	[0.0529412031174]	[0.0333333611488]	[0.00588238239288]	[-0.0215686261654]	[-0.052941173315]	[-0.0372548997402]	[-0.00196078419685]	[-0.00196078419685]	[0.0215686559677]	[-0.00196078419685]	[-0.0450980365276]	[-0.0921568572521]	[-0.182352930307]	[-0.233333319426]	[-0.268627464771]	[-0.284313738346]	[-0.292156875134]	[-0.300000011921]	[-0.307843148708]	[-0.311764717102]	[-0.319607853889]	[-0.315686285496]	[-0.300000011921]	[-0.284313738346]	[-0.272549033165]	[-0.25686275959]	[-0.166666656733]	

depth 1=
[0.409803926945]	[0.413725495338]	[0.413725495338]	[0.409803926945]	[0.409803926945]	[0.409803926945]	[0.413725495338]	[0.413725495338]	[0.413725495338]	[0.409803926945]	[0.405882358551]	[0.409803926945]	[0.413725495338]	[0.413725495338]	[0.405882358551]	[0.405882358551]	[0.409803926945]	[0.413725495338]	[0.413725495338]	[0.413725495338]	[0.413725495338]	[0.413725495338]	[0.409803926945]	[0.409803926945]	[0.409803926945]	[0.409803926945]	[0.409803926945]	[0.409803926945]	[0.409803926945]	[0.409803926945]	[0.405882358551]	[0.421568632126]	
[0.421568632126]	[0.42549020052]	[0.42549020052]	[0.421568632126]	[0.421568632126]	[0.421568632126]	[0.42549020052]	[0.42549020052]	[0.42549020052]	[0.42549020052]	[0.417647063732]	[0.421568632126]	[0.42549020052]	[0.42549020052]	[0.417647063732]	[0.417647063732]	[0.42549020052]	[0.42549020052]	[0.42549020052]	[0.42549020052]	[0.42549020052]	[0.42549020052]	[0.421568632126]	[0.421568632126]	[0.421568632126]	[0.421568632126]	[0.421568632126]	[0.421568632126]	[0.421568632126]	[0.421568632126]	[0.421568632126]	[0.433333337307]	
[0.417647063732]	[0.421568632126]	[0.421568632126]	[0.417647063732]	[0.417647063732]	[0.417647063732]	[0.417647063732]	[0.417647063732]	[0.417647063732]	[0.413725495338]	[0.421568632126]	[0.401960790157]	[0.421568632126]	[0.421568632126]	[0.417647063732]	[0.413725495338]	[0.417647063732]	[0.421568632126]	[0.417647063732]	[0.417647063732]	[0.417647063732]	[0.417647063732]	[0.417647063732]	[0.417647063732]	[0.417647063732]	[0.417647063732]	[0.417647063732]	[0.417647063732]	[0.417647063732]	[0.417647063732]	[0.417647063732]	[0.429411768913]	
[0.421568632126]	[0.421568632126]	[0.421568632126]	[0.417647063732]	[0.417647063732]	[0.417647063732]	[0.417647063732]	[0.421568632126]	[0.39411765337]	[0.323529422283]	[0.347058832645]	[0.252941191196]	[0.386274516582]	[0.401960790157]	[0.409803926945]	[0.413725495338]	[0.421568632126]	[0.421568632126]	[0.417647063732]	[0.417647063732]	[0.417647063732]	[0.417647063732]	[0.417647063732]	[0.417647063732]	[0.421568632126]	[0.421568632126]	[0.421568632126]	[0.421568632126]	[0.421568632126]	[0.421568632126]	[0.421568632126]	[0.433333337307]	
[0.42549020052]	[0.42549020052]	[0.42549020052]	[0.42549020052]	[0.421568632126]	[0.421568632126]	[0.421568632126]	[0.421568632126]	[0.398039221764]	[0.354901969433]	[0.303921580315]	[0.174509823322]	[0.323529422283]	[0.382352948189]	[0.429411768913]	[0.433333337307]	[0.421568632126]	[0.421568632126]	[0.417647063732]	[0.417647063732]	[0.421568632126]	[0.421568632126]	[0.417647063732]	[0.417647063732]	[0.421568632126]	[0.421568632126]	[0.421568632126]	[0.421568632126]	[0.421568632126]	[0.421568632126]	[0.417647063732]	[0.429411768913]	
[0.429411768913]	[0.429411768913]	[0.429411768913]	[0.42549020052]	[0.42549020052]	[0.42549020052]	[0.42549020052]	[0.421568632126]	[0.39411765337]	[0.343137264252]	[0.268627464771]	[0.201960802078]	[0.237254917622]	[0.276470601559]	[0.303921580315]	[0.347058832645]	[0.405882358551]	[0.429411768913]	[0.413725495338]	[0.421568632126]	[0.42549020052]	[0.42549020052]	[0.421568632126]	[0.417647063732]	[0.421568632126]	[0.42549020052]	[0.421568632126]	[0.421568632126]	[0.421568632126]	[0.421568632126]	[0.421568632126]	[0.437254905701]	
[0.429411768913]	[0.429411768913]	[0.433333337307]	[0.42549020052]	[0.421568632126]	[0.42549020052]	[0.429411768913]	[0.433333337307]	[0.307843148708]	[0.162745118141]	[0.123529434204]	[0.139215707779]	[0.190196096897]	[0.205882370472]	[0.205882370472]	[0.272549033165]	[0.386274516582]	[0.429411768913]	[0.39411765337]	[0.398039221764]	[0.429411768913]	[0.42549020052]	[0.421568632126]	[0.421568632126]	[0.429411768913]	[0.429411768913]	[0.42549020052]	[0.409803926945]	[0.39411765337]	[0.401960790157]	[0.390196084976]	[0.398039221764]	
[0.433333337307]	[0.437254905701]	[0.437254905701]	[0.437254905701]	[0.433333337307]	[0.433333337307]	[0.437254905701]	[0.437254905701]	[0.280392169952]	[0.190196096897]	[0.18235296011]	[0.213725507259]	[0.249019622803]	[0.28823530674]	[0.28823530674]	[0.300000011921]	[0.354901969433]	[0.42549020052]	[0.370588243008]	[0.300000011921]	[0.433333337307]	[0.42549020052]	[0.429411768913]	[0.429411768913]	[0.429411768913]	[0.433333337307]	[0.429411768913]	[0.417647063732]	[0.409803926945]	[0.417647063732]	[0.401960790157]	[0.36274510622]	
[0.433333337307]	[0.441176474094]	[0.441176474094]	[0.441176474094]	[0.441176474094]	[0.437254905701]	[0.433333337307]	[0.441176474094]	[0.421568632126]	[0.413725495338]	[0.378431379795]	[0.366666674614]	[0.354901969433]	[0.39411765337]	[0.347058832645]	[0.335294127464]	[0.405882358551]	[0.417647063732]	[0.366666674614]	[0.276470601559]	[0.437254905701]	[0.429411768913]	[0.42549020052]	[0.42549020052]	[0.42549020052]	[0.429411768913]	[0.433333337307]	[0.441176474094]	[0.437254905701]	[0.433333337307]	[0.42549020052]	[0.417647063732]	
[0.441176474094]	[0.441176474094]	[0.445098042488]	[0.421568632126]	[0.280392169952]	[0.205882370472]	[0.201960802078]	[0.241176486015]	[0.300000011921]	[0.358823537827]	[0.413725495338]	[0.429411768913]	[0.409803926945]	[0.42549020052]	[0.401960790157]	[0.401960790157]	[0.429411768913]	[0.417647063732]	[0.39411765337]	[0.347058832645]	[0.429411768913]	[0.429411768913]	[0.421568632126]	[0.413725495338]	[0.417647063732]	[0.42549020052]	[0.417647063732]	[0.237254917622]	[0.107843160629]	[0.0568627715111]	[0.0411764979362]	[0.0490196347237]	
[0.441176474094]	[0.441176474094]	[0.445098042488]	[0.39411765337]	[0.135294139385]	[0.0215686559677]	[0.0490196347237]	[0.084313750267]	[0.111764729023]	[0.147058844566]	[0.221568644047]	[0.307843148708]	[0.409803926945]	[0.429411768913]	[0.429411768913]	[0.42549020052]	[0.421568632126]	[0.429411768913]	[0.421568632126]	[0.417647063732]	[0.429411768913]	[0.42549020052]	[0.417647063732]	[0.409803926945]	[0.386274516582]	[0.39411765337]	[0.398039221764]	[0.123529434204]	[-0.00196078419685]	[-0.00980392098427]	[-0.0254901945591]	[0.00980395078659]	
[0.441176474094]	[0.445098042488]	[0.441176474094]	[0.401960790157]	[0.264705896378]	[0.0921568870544]	[0.198039233685]	[0.272549033165]	[0.260784327984]	[0.284313738346]	[0.276470601559]	[0.300000011921]	[0.405882358551]	[0.429411768913]	[0.42549020052]	[0.417647063732]	[0.398039221764]	[0.382352948189]	[0.366666674614]	[0.358823537827]	[0.366666674614]	[0.386274516582]	[0.370588243008]	[0.335294127464]	[0.319607853889]	[0.335294127464]	[0.390196084976]	[0.350980401039]	[0.327450990677]	[0.327450990677]	[0.292156875134]	[0.331372559071]	
[0.445098042488]	[0.437254905701]	[0.401960790157]	[0.390196084976]	[0.401960790157]	[0.296078443527]	[0.358823537827]	[0.39411765337]	[0.386274516582]	[0.417647063732]	[0.413725495338]	[0.409803926945]	[0.42549020052]	[0.347058832645]	[0.154901981354]	[0.0960784554482]	[0.0411764979362]	[0.00588238239288]	[-0.0254901945591]	[-0.052941173315]	[-0.0607843101025]	[0.221568644047]	[0.335294127464]	[0.205882370472]	[0.18235296011]	[0.315686285496]	[0.358823537827]	[0.382352948189]	[0.350980401039]	[0.327450990677]	[0.292156875134]	[0.311764717102]	
[0.405882358551]	[0.366666674614]	[0.272549033165]	[0.229411780834]	[0.307843148708]	[0.358823537827]	[0.354901969433]	[0.315686285496]	[0.327450990677]	[0.39411765337]	[0.405882358551]	[0.429411768913]	[0.437254905701]	[0.390196084976]	[0.158823549747]	[-0.052941173315]	[-0.170588225126]	[-0.213725477457]	[-0.213725477457]	[-0.225490182638]	[-0.221568614244]	[0.174509823322]	[0.401960790157]	[0.358823537827]	[0.280392169952]	[0.28823530674]	[0.213725507259]	[0.0686274766922]	[0.0137255191803]	[-0.00980392098427]	[-0.00980392098427]	[0.00980395078659]	
[0.331372559071]	[0.272549033165]	[0.100000023842]	[0.0372549295425]	[0.0568627715111]	[0.0725490450859]	[0.04509806633]	[0.0215686559677]	[0.0411764979362]	[0.103921592236]	[0.15098041296]	[0.229411780834]	[0.296078443527]	[0.358823537827]	[0.370588243008]	[0.331372559071]	[0.252941191196]	[0.0921568870544]	[-0.0411764681339]	[-0.0607843101025]	[-0.0254901945591]	[0.205882370472]	[0.374509811401]	[0.39411765337]	[0.284313738346]	[0.115686297417]	[0.107843160629]	[0.0529412031174]	[-0.166666656733]	[-0.190196067095]	[-0.162745088339]	[-0.182352930307]	
[0.296078443527]	[0.307843148708]	[0.18235296011]	[0.143137276173]	[0.0921568870544]	[0.0294117927551]	[-0.0254901945591]	[-0.0372548997402]	[-0.0647058784962]	[-0.0843137204647]	[-0.0647058784962]	[-0.00980392098427]	[0.0333333611488]	[0.0882353186607]	[0.147058844566]	[0.209803938866]	[0.323529422283]	[0.39411765337]	[0.319607853889]	[0.260784327984]	[0.25686275959]	[0.260784327984]	[0.260784327984]	[0.205882370472]	[0.11960786581]	[-0.0490196049213]	[-0.080392152071]	[0.0921568870544]	[0.0647059082985]	[-0.115686267614]	[-0.225490182638]	[-0.292156875134]	
[0.186274528503]	[0.217647075653]	[0.268627464771]	[0.311764717102]	[0.300000011921]	[0.245098054409]	[0.194117665291]	[0.18235296011]	[0.170588254929]	[0.147058844566]	[0.147058844566]	[0.170588254929]	[0.139215707779]	[0.11960786581]	[0.103921592236]	[0.123529434204]	[0.241176486015]	[0.433333337307]	[0.445098042488]	[0.417647063732]	[0.417647063732]	[0.378431379795]	[0.319607853889]	[0.209803938866]	[0.135294139385]	[0.0215686559677]	[-0.0176470577717]	[0.0882353186607]	[0.347058832645]	[0.0490196347237]	[-0.386274516582]	[-0.441176474094]	
[0.103921592236]	[0.0607843399048]	[0.0725490450859]	[0.111764729023]	[0.147058844566]	[0.209803938866]	[0.249019622803]	[0.25686275959]	[0.300000011921]	[0.331372559071]	[0.339215695858]	[0.331372559071]	[0.335294127464]	[0.347058832645]	[0.284313738346]	[0.350980401039]	[0.39411765337]	[0.433333337307]	[0.433333337307]	[0.366666674614]	[0.433333337307]	[0.433333337307]	[0.42549020052]	[0.401960790157]	[0.378431379795]	[0.331372559071]	[0.311764717102]	[0.303921580315]	[0.409803926945]	[0.311764717102]	[-0.25686275959]	[-0.480392158031]	
[0.0568627715111]	[0.0529412031174]	[0.0215686559677]	[-0.00980392098427]	[-0.0450980365276]	[-0.052941173315]	[-0.0607843101025]	[-0.0490196049213]	[0.0294117927551]	[0.0882353186607]	[0.115686297417]	[0.0372549295425]	[0.0215686559677]	[0.139215707779]	[0.170588254929]	[0.131372570992]	[0.162745118141]	[0.190196096897]	[0.276470601559]	[0.25686275959]	[0.311764717102]	[0.311764717102]	[0.296078443527]	[0.307843148708]	[0.315686285496]	[0.327450990677]	[0.327450990677]	[0.272549033165]	[0.268627464771]	[0.300000011921]	[0.107843160629]	[-0.323529422283]	
[0.0647059082985]	[0.0215686559677]	[-0.00980392098427]	[-0.0254901945591]	[-0.0411764681339]	[-0.0647058784962]	[-0.0960784256458]	[-0.119607836008]	[-0.0960784256458]	[-0.0607843101025]	[-0.0411764681339]	[-0.0607843101025]	[-0.0725490152836]	[0.00196081399918]	[0.0254902243614]	[-0.0294117629528]	[-0.0215686261654]	[-0.00588235259056]	[0.0686274766922]	[0.084313750267]	[0.084313750267]	[0.0764706134796]	[0.0764706134796]	[0.0882353186607]	[0.0882353186607]	[0.0882353186607]	[0.0960784554482]	[0.0960784554482]	[0.103921592236]	[0.127451002598]	[0.201960802078]	[0.0294117927551]	
[0.084313750267]	[0.0294117927551]	[-0.0333333313465]	[-0.0921568572521]	[-0.115686267614]	[-0.107843130827]	[-0.107843130827]	[-0.131372541189]	[-0.139215677977]	[-0.119607836008]	[-0.103921562433]	[-0.0725490152836]	[-0.0333333313465]	[-0.00196078419685]	[0.0215686559677]	[0.0333333611488]	[0.0215686559677]	[0.017647087574]	[0.0333333611488]	[0.0372549295425]	[0.0137255191803]	[-0.013725489378]	[-0.0333333313465]	[-0.0647058784962]	[-0.0882352888584]	[-0.0999999940395]	[-0.0999999940395]	[-0.115686267614]	[-0.135294109583]	[-0.147058814764]	[-0.147058814764]	[-0.158823519945]	
[0.0725490450859]	[0.0333333611488]	[-0.013725489378]	[-0.0568627417088]	[-0.107843130827]	[-0.150980383158]	[-0.194117635489]	[-0.221568614244]	[-0.229411751032]	[-0.229411751032]	[-0.233333319426]	[-0.237254887819]	[-0.217647045851]	[-0.182352930307]	[-0.154901951551]	[-0.158823519945]	[-0.190196067095]	[-0.198039203882]	[-0.20588234067]	[-0.229411751032]	[-0.268627464771]	[-0.300000011921]	[-0.331372559071]	[-0.358823537827]	[-0.382352948189]	[-0.401960790157]	[-0.401960790157]	[-0.398039221764]	[-0.398039221764]	[-0.437254905701]	[-0.456862747669]	[-0.401960790157]	
[0.127451002598]	[0.04509806633]	[-0.0176470577717]	[-0.0490196049213]	[-0.0176470577717]	[-0.0490196049213]	[-0.147058814764]	[-0.225490182638]	[-0.272549033165]	[-0.303921580315]	[-0.327450990677]	[-0.350980401039]	[-0.378431379795]	[-0.370588243008]	[-0.350980401039]	[-0.386274516582]	[-0.409803926945]	[-0.42549020052]	[-0.429411768913]	[-0.449019610882]	[-0.484313726425]	[-0.492156863213]	[-0.492156863213]	[-0.484313726425]	[-0.46862745285]	[-0.456862747669]	[-0.401960790157]	[-0.323529422283]	[-0.327450990677]	[-0.449019610882]	[-0.437254905701]	[-0.319607853889]	
[0.201960802078]	[0.0960784554482]	[0.0254902243614]	[-0.0647058784962]	[-0.0882352888584]	[-0.0294117629528]	[0.0137255191803]	[-0.013725489378]	[-0.119607836008]	[-0.221568614244]	[-0.284313738346]	[-0.331372559071]	[-0.36274510622]	[-0.382352948189]	[-0.382352948189]	[-0.382352948189]	[-0.358823537827]	[-0.303921580315]	[-0.249019593]	[-0.433333337307]	[-0.5]	[-0.492156863213]	[-0.480392158031]	[-0.441176474094]	[-0.378431379795]	[-0.303921580315]	[-0.225490182638]	[-0.182352930307]	[-0.339215695858]	[-0.42549020052]	[-0.39411765337]	[-0.339215695858]	
[0.260784327984]	[0.174509823322]	[0.0764706134796]	[0.00980395078659]	[-0.0450980365276]	[-0.131372541189]	[-0.162745088339]	[-0.0843137204647]	[-0.00588235259056]	[-0.00588235259056]	[-0.0490196049213]	[-0.080392152071]	[-0.0882352888584]	[-0.0960784256458]	[-0.0882352888584]	[-0.0607843101025]	[0.00196081399918]	[0.11960786581]	[-0.0411764681339]	[-0.46862745285]	[-0.496078431606]	[-0.492156863213]	[-0.484313726425]	[-0.429411768913]	[-0.370588243008]	[-0.331372559071]	[-0.296078443527]	[-0.327450990677]	[-0.452941179276]	[-0.460784316063]	[-0.460784316063]	[-0.441176474094]	
[0.272549033165]	[0.213725507259]	[0.135294139385]	[0.0529412031174]	[0.017647087574]	[-0.0372548997402]	[-0.135294109583]	[-0.221568614244]	[-0.241176456213]	[-0.20588234067]	[-0.123529404402]	[-0.0686274468899]	[-0.0568627417088]	[-0.0333333313465]	[-0.0176470577717]	[-0.00196078419685]	[0.00980395078659]	[0.00196081399918]	[-0.272549033165]	[-0.5]	[-0.492156863213]	[-0.496078431606]	[-0.496078431606]	[-0.476470589638]	[-0.460784316063]	[-0.452941179276]	[-0.452941179276]	[-0.476470589638]	[-0.484313726425]	[-0.488235294819]	[-0.460784316063]	[-0.343137264252]	
[0.276470601559]	[0.233333349228]	[0.190196096897]	[0.100000023842]	[0.0294117927551]	[0.00196081399918]	[-0.00588235259056]	[-0.0686274468899]	[-0.198039203882]	[-0.311764717102]	[-0.350980401039]	[-0.335294127464]	[-0.307843148708]	[-0.303921580315]	[-0.311764717102]	[-0.319607853889]	[-0.315686285496]	[-0.323529422283]	[-0.452941179276]	[-0.496078431606]	[-0.5]	[-0.5]	[-0.5]	[-0.496078431606]	[-0.492156863213]	[-0.488235294819]	[-0.492156863213]	[-0.496078431606]	[-0.496078431606]	[-0.496078431606]	[-0.386274516582]	[-0.198039203882]	
[0.28823530674]	[0.249019622803]	[0.201960802078]	[0.115686297417]	[0.04509806633]	[-0.00196078419685]	[-0.00588235259056]	[-0.013725489378]	[-0.0568627417088]	[-0.139215677977]	[-0.241176456213]	[-0.339215695858]	[-0.386274516582]	[-0.401960790157]	[-0.401960790157]	[-0.401960790157]	[-0.374509811401]	[-0.401960790157]	[-0.488235294819]	[-0.492156863213]	[-0.5]	[-0.5]	[-0.5]	[-0.5]	[-0.5]	[-0.496078431606]	[-0.496078431606]	[-0.5]	[-0.496078431606]	[-0.496078431606]	[-0.296078443527]	[-0.131372541189]	
[0.292156875134]	[0.252941191196]	[0.190196096897]	[0.123529434204]	[0.0686274766922]	[0.0294117927551]	[0.00980395078659]	[-0.0176470577717]	[-0.013725489378]	[-0.00588235259056]	[-0.0490196049213]	[-0.147058814764]	[-0.272549033165]	[-0.39411765337]	[-0.449019610882]	[-0.433333337307]	[-0.378431379795]	[-0.42549020052]	[-0.496078431606]	[-0.488235294819]	[-0.496078431606]	[-0.5]	[-0.5]	[-0.496078431606]	[-0.492156863213]	[-0.488235294819]	[-0.488235294819]	[-0.492156863213]	[-0.492156863213]	[-0.472549021244]	[-0.264705896378]	[-0.0999999940395]	
[0.292156875134]	[0.272549033165]	[0.221568644047]	[0.158823549747]	[0.103921592236]	[0.0803921818733]	[0.0411764979362]	[0.00196081399918]	[-0.00980392098427]	[-0.00588235259056]	[-0.00588235259056]	[-0.0568627417088]	[-0.115686267614]	[-0.198039203882]	[-0.303921580315]	[-0.39411765337]	[-0.417647063732]	[-0.449019610882]	[-0.480392158031]	[-0.476470589638]	[-0.488235294819]	[-0.484313726425]	[-0.484313726425]	[-0.484313726425]	[-0.472549021244]	[-0.460784316063]	[-0.456862747669]	[-0.460784316063]	[-0.452941179276]	[-0.409803926945]	[-0.300000011921]	[-0.111764699221]	
[0.292156875134]	[0.284313738346]	[0.241176486015]	[0.174509823322]	[0.127451002598]	[0.084313750267]	[0.04509806633]	[0.0215686559677]	[-0.00196078419685][-0.0215686261654]	[-0.0215686261654]	[-0.0254901945591]	[-0.0607843101025]	[-0.0999999940395]	[-0.154901951551]	[-0.225490182638]	[-0.284313738346]	[-0.343137264252]	[-0.378431379795]	[-0.39411765337]	[-0.409803926945]	[-0.413725495338]	[-0.417647063732]	[-0.417647063732]	[-0.409803926945]	[-0.398039221764]	[-0.390196084976]	[-0.382352948189]	[-0.36274510622]	[-0.327450990677]	[-0.276470601559]	[-0.123529404402]	
[0.284313738346]	[0.264705896378]	[0.217647075653]	[0.170588254929]	[0.135294139385]	[0.0960784554482]	[0.0686274766922]	[0.0333333611488]	[0.0137255191803]	[-0.00980392098427]	[-0.013725489378]	[-0.00196078419685]	[-0.0254901945591]	[-0.0450980365276]	[-0.0725490152836]	[-0.0960784256458]	[-0.123529404402]	[-0.170588225126]	[-0.221568614244]	[-0.237254887819]	[-0.25686275959]	[-0.272549033165]	[-0.280392169952]	[-0.284313738346]	[-0.284313738346]	[-0.292156875134]	[-0.292156875134]	[-0.280392169952]	[-0.260784327984]	[-0.237254887819]	[-0.20588234067]	[-0.103921562433]	

depth 2=
[0.409803926945]	[0.413725495338]	[0.413725495338]	[0.409803926945]	[0.409803926945]	[0.409803926945]	[0.413725495338]	[0.405882358551]	[0.401960790157]	[0.409803926945]	[0.417647063732]	[0.417647063732]	[0.409803926945]	[0.413725495338]	[0.413725495338]	[0.413725495338]	[0.413725495338]	[0.413725495338]	[0.413725495338]	[0.413725495338]	[0.413725495338]	[0.413725495338]	[0.409803926945]	[0.409803926945]	[0.409803926945]	[0.409803926945]	[0.409803926945]	[0.409803926945]	[0.409803926945]	[0.409803926945]	[0.405882358551]	[0.421568632126]	
[0.421568632126]	[0.42549020052]	[0.42549020052]	[0.421568632126]	[0.421568632126]	[0.421568632126]	[0.42549020052]	[0.417647063732]	[0.421568632126]	[0.429411768913]	[0.433333337307]	[0.429411768913]	[0.417647063732]	[0.417647063732]	[0.413725495338]	[0.413725495338]	[0.42549020052]	[0.42549020052]	[0.42549020052]	[0.42549020052]	[0.42549020052]	[0.42549020052]	[0.421568632126]	[0.421568632126]	[0.421568632126]	[0.421568632126]	[0.421568632126]	[0.421568632126]	[0.421568632126]	[0.421568632126]	[0.421568632126]	[0.433333337307]	
[0.417647063732]	[0.421568632126]	[0.421568632126]	[0.417647063732]	[0.417647063732]	[0.417647063732]	[0.417647063732]	[0.417647063732]	[0.417647063732]	[0.421568632126]	[0.433333337307]	[0.413725495338]	[0.42549020052]	[0.417647063732]	[0.405882358551]	[0.405882358551]	[0.417647063732]	[0.421568632126]	[0.417647063732]	[0.417647063732]	[0.417647063732]	[0.417647063732]	[0.417647063732]	[0.417647063732]	[0.417647063732]	[0.417647063732]	[0.417647063732]	[0.417647063732]	[0.417647063732]	[0.417647063732]	[0.417647063732]	[0.429411768913]	
[0.421568632126]	[0.421568632126]	[0.421568632126]	[0.417647063732]	[0.417647063732]	[0.417647063732]	[0.417647063732]	[0.421568632126]	[0.401960790157]	[0.335294127464]	[0.358823537827]	[0.272549033165]	[0.405882358551]	[0.409803926945]	[0.405882358551]	[0.401960790157]	[0.417647063732]	[0.421568632126]	[0.417647063732]	[0.417647063732]	[0.417647063732]	[0.417647063732]	[0.417647063732]	[0.417647063732]	[0.421568632126]	[0.421568632126]	[0.421568632126]	[0.421568632126]	[0.421568632126]	[0.421568632126]	[0.421568632126]	[0.433333337307]	
[0.42549020052]	[0.42549020052]	[0.42549020052]	[0.42549020052]	[0.421568632126]	[0.421568632126]	[0.421568632126]	[0.429411768913]	[0.409803926945]	[0.366666674614]	[0.315686285496]	[0.201960802078]	[0.358823537827]	[0.401960790157]	[0.429411768913]	[0.42549020052]	[0.421568632126]	[0.421568632126]	[0.417647063732]	[0.417647063732]	[0.421568632126]	[0.421568632126]	[0.417647063732]	[0.417647063732]	[0.421568632126]	[0.421568632126]	[0.421568632126]	[0.421568632126]	[0.421568632126]	[0.421568632126]	[0.417647063732]	[0.429411768913]	
[0.429411768913]	[0.429411768913]	[0.429411768913]	[0.42549020052]	[0.421568632126]	[0.421568632126]	[0.421568632126]	[0.429411768913]	[0.409803926945]	[0.36274510622]	[0.292156875134]	[0.241176486015]	[0.284313738346]	[0.311764717102]	[0.323529422283]	[0.354901969433]	[0.409803926945]	[0.429411768913]	[0.417647063732]	[0.42549020052]	[0.42549020052]	[0.42549020052]	[0.421568632126]	[0.417647063732]	[0.421568632126]	[0.421568632126]	[0.421568632126]	[0.421568632126]	[0.421568632126]	[0.421568632126]	[0.421568632126]	[0.433333337307]	
[0.433333337307]	[0.429411768913]	[0.429411768913]	[0.42549020052]	[0.421568632126]	[0.413725495338]	[0.417647063732]	[0.437254905701]	[0.327450990677]	[0.194117665291]	[0.170588254929]	[0.194117665291]	[0.245098054409]	[0.249019622803]	[0.245098054409]	[0.300000011921]	[0.39411765337]	[0.433333337307]	[0.398039221764]	[0.401960790157]	[0.433333337307]	[0.429411768913]	[0.42549020052]	[0.42549020052]	[0.421568632126]	[0.421568632126]	[0.42549020052]	[0.413725495338]	[0.401960790157]	[0.405882358551]	[0.39411765337]	[0.398039221764]	
[0.433333337307]	[0.433333337307]	[0.433333337307]	[0.433333337307]	[0.433333337307]	[0.429411768913]	[0.433333337307]	[0.441176474094]	[0.300000011921]	[0.22549021244]	[0.233333349228]	[0.268627464771]	[0.296078443527]	[0.327450990677]	[0.323529422283]	[0.323529422283]	[0.354901969433]	[0.421568632126]	[0.366666674614]	[0.296078443527]	[0.437254905701]	[0.429411768913]	[0.433333337307]	[0.433333337307]	[0.42549020052]	[0.421568632126]	[0.42549020052]	[0.417647063732]	[0.417647063732]	[0.433333337307]	[0.413725495338]	[0.370588243008]	
[0.433333337307]	[0.437254905701]	[0.437254905701]	[0.437254905701]	[0.441176474094]	[0.441176474094]	[0.441176474094]	[0.452941179276]	[0.445098042488]	[0.441176474094]	[0.421568632126]	[0.417647063732]	[0.390196084976]	[0.421568632126]	[0.370588243008]	[0.350980401039]	[0.398039221764]	[0.405882358551]	[0.354901969433]	[0.268627464771]	[0.437254905701]	[0.429411768913]	[0.429411768913]	[0.429411768913]	[0.421568632126]	[0.421568632126]	[0.429411768913]	[0.441176474094]	[0.452941179276]	[0.464705884457]	[0.452941179276]	[0.445098042488]	
[0.437254905701]	[0.437254905701]	[0.437254905701]	[0.421568632126]	[0.28823530674]	[0.22549021244]	[0.229411780834]	[0.264705896378]	[0.327450990677]	[0.386274516582]	[0.452941179276]	[0.46862745285]	[0.437254905701]	[0.445098042488]	[0.421568632126]	[0.409803926945]	[0.42549020052]	[0.409803926945]	[0.386274516582]	[0.339215695858]	[0.421568632126]	[0.42549020052]	[0.421568632126]	[0.417647063732]	[0.409803926945]	[0.413725495338]	[0.413725495338]	[0.249019622803]	[0.131372570992]	[0.100000023842]	[0.0803921818733]	[0.084313750267]	
[0.437254905701]	[0.433333337307]	[0.437254905701]	[0.398039221764]	[0.15098041296]	[0.0607843399048]	[0.100000023842]	[0.123529434204]	[0.139215707779]	[0.174509823322]	[0.249019622803]	[0.335294127464]	[0.433333337307]	[0.445098042488]	[0.441176474094]	[0.433333337307]	[0.42549020052]	[0.433333337307]	[0.42549020052]	[0.421568632126]	[0.421568632126]	[0.417647063732]	[0.417647063732]	[0.413725495338]	[0.378431379795]	[0.382352948189]	[0.405882358551]	[0.147058844566]	[0.0372549295425]	[0.0372549295425]	[0.0215686559677]	[0.0529412031174]	
[0.437254905701]	[0.437254905701]	[0.433333337307]	[0.413725495338]	[0.292156875134]	[0.143137276173]	[0.268627464771]	[0.327450990677]	[0.292156875134]	[0.311764717102]	[0.296078443527]	[0.315686285496]	[0.429411768913]	[0.445098042488]	[0.437254905701]	[0.429411768913]	[0.413725495338]	[0.401960790157]	[0.382352948189]	[0.374509811401]	[0.358823537827]	[0.382352948189]	[0.370588243008]	[0.339215695858]	[0.307843148708]	[0.327450990677]	[0.405882358551]	[0.390196084976]	[0.374509811401]	[0.378431379795]	[0.343137264252]	[0.378431379795]	
[0.449019610882]	[0.449019610882]	[0.413725495338]	[0.417647063732]	[0.429411768913]	[0.331372559071]	[0.398039221764]	[0.429411768913]	[0.413725495338]	[0.441176474094]	[0.433333337307]	[0.421568632126]	[0.429411768913]	[0.36274510622]	[0.18235296011]	[0.131372570992]	[0.0764706134796]	[0.04509806633]	[0.017647087574]	[-0.00588235259056]	[-0.0254901945591]	[0.237254917622]	[0.339215695858]	[0.217647075653]	[0.18235296011]	[0.315686285496]	[0.390196084976]	[0.445098042488]	[0.417647063732]	[0.378431379795]	[0.350980401039]	[0.370588243008]	
[0.417647063732]	[0.390196084976]	[0.303921580315]	[0.268627464771]	[0.339215695858]	[0.374509811401]	[0.36274510622]	[0.331372559071]	[0.350980401039]	[0.413725495338]	[0.429411768913]	[0.445098042488]	[0.445098042488]	[0.413725495338]	[0.201960802078]	[0.00588238239288]	[-0.115686267614]	[-0.147058814764]	[-0.14313724637]	[-0.14313724637]	[-0.139215677977]	[0.217647075653]	[0.417647063732]	[0.386274516582]	[0.300000011921]	[0.303921580315]	[0.25686275959]	[0.147058844566]	[0.0921568870544]	[0.0529412031174]	[0.0764706134796]	[0.0960784554482]	
[0.347058832645]	[0.296078443527]	[0.127451002598]	[0.0764706134796]	[0.0921568870544]	[0.0960784554482]	[0.0647059082985]	[0.0490196347237]	[0.0764706134796]	[0.139215707779]	[0.18235296011]	[0.264705896378]	[0.331372559071]	[0.390196084976]	[0.409803926945]	[0.374509811401]	[0.311764717102]	[0.158823549747]	[0.0294117927551]	[0.0137255191803]	[0.0411764979362]	[0.245098054409]	[0.39411765337]	[0.417647063732]	[0.311764717102]	[0.143137276173]	[0.143137276173]	[0.107843160629]	[-0.0999999940395]	[-0.107843130827]	[-0.052941173315]	[-0.0764705836773]	
[0.315686285496]	[0.335294127464]	[0.221568644047]	[0.18235296011]	[0.131372570992]	[0.0686274766922]	[0.00980395078659]	[0.00196081399918]	[-0.0176470577717]	[-0.0372548997402]	[-0.0176470577717]	[0.0411764979362]	[0.084313750267]	[0.123529434204]	[0.174509823322]	[0.229411780834]	[0.350980401039]	[0.42549020052]	[0.350980401039]	[0.292156875134]	[0.284313738346]	[0.276470601559]	[0.272549033165]	[0.213725507259]	[0.131372570992]	[-0.0372548997402]	[-0.0686274468899]	[0.111764729023]	[0.100000023842]	[-0.0450980365276]	[-0.131372541189]	[-0.198039203882]	
[0.217647075653]	[0.25686275959]	[0.315686285496]	[0.354901969433]	[0.350980401039]	[0.300000011921]	[0.249019622803]	[0.241176486015]	[0.233333349228]	[0.213725507259]	[0.213725507259]	[0.233333349228]	[0.194117665291]	[0.166666686535]	[0.135294139385]	[0.139215707779]	[0.245098054409]	[0.433333337307]	[0.441176474094]	[0.409803926945]	[0.413725495338]	[0.382352948189]	[0.327450990677]	[0.205882370472]	[0.135294139385]	[0.0254902243614]	[-0.0176470577717]	[0.0882353186607]	[0.36274510622]	[0.0921568870544]	[-0.315686285496]	[-0.36274510622]	
[0.147058844566]	[0.11960786581]	[0.131372570992]	[0.162745118141]	[0.201960802078]	[0.272549033165]	[0.319607853889]	[0.331372559071]	[0.378431379795]	[0.409803926945]	[0.417647063732]	[0.405882358551]	[0.398039221764]	[0.401960790157]	[0.339215695858]	[0.39411765337]	[0.417647063732]	[0.445098042488]	[0.437254905701]	[0.36274510622]	[0.437254905701]	[0.460784316063]	[0.464705884457]	[0.429411768913]	[0.398039221764]	[0.354901969433]	[0.327450990677]	[0.331372559071]	[0.437254905701]	[0.350980401039]	[-0.190196067095]	[-0.405882358551]	
[0.111764729023]	[0.11960786581]	[0.0921568870544]	[0.0490196347237]	[0.0137255191803]	[0.0215686559677]	[0.0294117927551]	[0.0411764979362]	[0.11960786581]	[0.178431391716]	[0.205882370472]	[0.131372570992]	[0.111764729023]	[0.229411780834]	[0.264705896378]	[0.221568644047]	[0.237254917622]	[0.25686275959]	[0.343137264252]	[0.311764717102]	[0.366666674614]	[0.39411765337]	[0.39411765337]	[0.390196084976]	[0.390196084976]	[0.401960790157]	[0.398039221764]	[0.350980401039]	[0.347058832645]	[0.370588243008]	[0.201960802078]	[-0.221568614244]	
[0.111764729023]	[0.0803921818733]	[0.0725490450859]	[0.0647059082985]	[0.0529412031174]	[0.04509806633]	[0.0254902243614]	[0.00980395078659]	[0.0333333611488]	[0.0647059082985]	[0.100000023842]	[0.0803921818733]	[0.0686274766922]	[0.139215707779]	[0.166666686535]	[0.103921592236]	[0.103921592236]	[0.139215707779]	[0.229411780834]	[0.237254917622]	[0.241176486015]	[0.241176486015]	[0.245098054409]	[0.252941191196]	[0.25686275959]	[0.252941191196]	[0.245098054409]	[0.233333349228]	[0.241176486015]	[0.260784327984]	[0.311764717102]	[0.131372570992]	
[0.111764729023]	[0.0725490450859]	[0.0411764979362]	[-0.00588235259056]	[-0.0215686261654]	[0.00588238239288]	[0.0215686559677]	[0.00588238239288]	[-0.00196078419685]	[0.017647087574]	[0.04509806633]	[0.0803921818733]	[0.107843160629]	[0.139215707779]	[0.158823549747]	[0.174509823322]	[0.186274528503]	[0.205882370472]	[0.229411780834]	[0.209803938866]	[0.174509823322]	[0.147058844566]	[0.127451002598]	[0.0960784554482]	[0.0882353186607]	[0.0764706134796]	[0.0568627715111]	[0.0254902243614]	[-0.00196078419685]	[-0.0215686261654]	[-0.0568627417088]	[-0.0725490152836]	
[0.084313750267]	[0.0529412031174]	[0.0333333611488]	[0.00196081399918]	[-0.0333333313465]	[-0.0490196049213]	[-0.0686274468899]	[-0.0882352888584]	[-0.0999999940395]	[-0.0960784256458]	[-0.0921568572521]	[-0.0843137204647]	[-0.0607843101025]	[-0.0294117629528]	[-0.00588235259056]	[-0.00196078419685]	[-0.00588235259056]	[-0.00588235259056]	[-0.0254901945591]	[-0.0843137204647]	[-0.158823519945]	[-0.198039203882]	[-0.225490182638]	[-0.25686275959]	[-0.260784327984]	[-0.272549033165]	[-0.280392169952]	[-0.296078443527]	[-0.311764717102]	[-0.36274510622]	[-0.401960790157]	[-0.339215695858]	
[0.11960786581]	[0.0372549295425]	[0.00196081399918]	[-0.00980392098427]	[0.0411764979362]	[0.0411764979362]	[-0.0372548997402]	[-0.103921562433]	[-0.147058814764]	[-0.17450979352]	[-0.190196067095]	[-0.194117635489]	[-0.201960772276]	[-0.198039203882]	[-0.182352930307]	[-0.221568614244]	[-0.25686275959]	[-0.264705896378]	[-0.280392169952]	[-0.335294127464]	[-0.421568632126]	[-0.441176474094]	[-0.441176474094]	[-0.433333337307]	[-0.405882358551]	[-0.382352948189]	[-0.339215695858]	[-0.272549033165]	[-0.292156875134]	[-0.42549020052]	[-0.421568632126]	[-0.284313738346]	
[0.186274528503]	[0.0725490450859]	[0.0215686559677]	[-0.0450980365276]	[-0.052941173315]	[0.0294117927551]	[0.084313750267]	[0.0725490450859]	[-0.0176470577717]	[-0.111764699221]	[-0.17450979352]	[-0.209803909063]	[-0.229411751032]	[-0.252941191196]	[-0.25686275959]	[-0.264705896378]	[-0.25686275959]	[-0.194117635489]	[-0.14313724637]	[-0.36274510622]	[-0.472549021244]	[-0.472549021244]	[-0.456862747669]	[-0.417647063732]	[-0.354901969433]	[-0.276470601559]	[-0.201960772276]	[-0.170588225126]	[-0.339215695858]	[-0.429411768913]	[-0.398039221764]	[-0.323529422283]	
[0.245098054409]	[0.147058844566]	[0.0647059082985]	[0.00588238239288]	[-0.0450980365276]	[-0.119607836008]	[-0.14313724637]	[-0.0450980365276]	[0.0529412031174]	[0.0647059082985]	[0.0215686559677]	[-0.00588235259056]	[-0.00196078419685]	[-0.013725489378]	[-0.00980392098427]	[0.0137255191803]	[0.0803921818733]	[0.201960802078]	[0.0254902243614]	[-0.441176474094]	[-0.488235294819]	[-0.484313726425]	[-0.472549021244]	[-0.421568632126]	[-0.36274510622]	[-0.315686285496]	[-0.276470601559]	[-0.319607853889]	[-0.456862747669]	[-0.46862745285]	[-0.464705884457]	[-0.433333337307]	
[0.260784327984]	[0.190196096897]	[0.11960786581]	[0.0294117927551]	[-0.00588235259056]	[-0.0568627417088]	[-0.154901951551]	[-0.225490182638]	[-0.229411751032]	[-0.17450979352]	[-0.0843137204647]	[-0.0215686261654]	[0.00588238239288]	[0.0372549295425]	[0.0529412031174]	[0.0647059082985]	[0.0803921818733]	[0.0725490450859]	[-0.249019593]	[-0.492156863213]	[-0.488235294819]	[-0.492156863213]	[-0.488235294819]	[-0.472549021244]	[-0.452941179276]	[-0.433333337307]	[-0.433333337307]	[-0.472549021244]	[-0.484313726425]	[-0.488235294819]	[-0.472549021244]	[-0.36274510622]	
[0.268627464771]	[0.217647075653]	[0.170588254929]	[0.0764706134796]	[0.00196081399918]	[-0.0294117629528]	[-0.0450980365276]	[-0.0999999940395]	[-0.221568614244]	[-0.319607853889]	[-0.335294127464]	[-0.307843148708]	[-0.268627464771]	[-0.237254887819]	[-0.229411751032]	[-0.237254887819]	[-0.233333319426]	[-0.268627464771]	[-0.456862747669]	[-0.496078431606]	[-0.496078431606]	[-0.5]	[-0.5]	[-0.492156863213]	[-0.480392158031]	[-0.464705884457]	[-0.480392158031]	[-0.5]	[-0.492156863213]	[-0.496078431606]	[-0.417647063732]	[-0.249019593]	
[0.280392169952]	[0.233333349228]	[0.18235296011]	[0.0882353186607]	[0.0137255191803]	[-0.0372548997402]	[-0.0490196049213]	[-0.0490196049213]	[-0.0882352888584]	[-0.178431361914]	[-0.280392169952]	[-0.347058832645]	[-0.366666674614]	[-0.358823537827]	[-0.331372559071]	[-0.319607853889]	[-0.28823530674]	[-0.350980401039]	[-0.492156863213]	[-0.5]	[-0.5]	[-0.5]	[-0.5]	[-0.5]	[-0.492156863213]	[-0.480392158031]	[-0.492156863213]	[-0.5]	[-0.492156863213]	[-0.496078431606]	[-0.331372559071]	[-0.178431361914]	
[0.28823530674]	[0.237254917622]	[0.170588254929]	[0.0921568870544]	[0.0372549295425]	[-0.00588235259056]	[-0.0333333313465]	[-0.0568627417088]	[-0.0607843101025]	[-0.0647058784962]	[-0.111764699221]	[-0.182352930307]	[-0.284313738346]	[-0.413725495338]	[-0.452941179276]	[-0.409803926945]	[-0.315686285496]	[-0.390196084976]	[-0.5]	[-0.492156863213]	[-0.496078431606]	[-0.5]	[-0.5]	[-0.496078431606]	[-0.492156863213]	[-0.488235294819]	[-0.496078431606]	[-0.5]	[-0.496078431606]	[-0.488235294819]	[-0.303921580315]	[-0.135294109583]	
[0.28823530674]	[0.25686275959]	[0.201960802078]	[0.131372570992]	[0.0686274766922]	[0.0372549295425]	[-0.00588235259056]	[-0.0490196049213]	[-0.0647058784962]	[-0.0607843101025]	[-0.0568627417088]	[-0.103921562433]	[-0.178431361914]	[-0.25686275959]	[-0.339215695858]	[-0.401960790157]	[-0.405882358551]	[-0.449019610882]	[-0.492156863213]	[-0.476470589638]	[-0.492156863213]	[-0.496078431606]	[-0.496078431606]	[-0.496078431606]	[-0.492156863213]	[-0.484313726425]	[-0.484313726425]	[-0.492156863213]	[-0.484313726425]	[-0.456862747669]	[-0.354901969433]	[-0.150980383158]	
[0.284313738346]	[0.268627464771]	[0.217647075653]	[0.143137276173]	[0.0921568870544]	[0.0411764979362]	[-0.00196078419685]	[-0.0333333313465]	[-0.0607843101025]	[-0.080392152071]	[-0.0686274468899]	[-0.0882352888584]	[-0.154901951551]	[-0.166666656733]	[-0.182352930307]	[-0.237254887819]	[-0.323529422283]	[-0.39411765337]	[-0.417647063732]	[-0.421568632126]	[-0.441176474094]	[-0.445098042488]	[-0.449019610882]	[-0.452941179276]	[-0.452941179276]	[-0.449019610882]	[-0.441176474094]	[-0.441176474094]	[-0.433333337307]	[-0.413725495338]	[-0.358823537827]	[-0.178431361914]	
[0.280392169952]	[0.249019622803]	[0.198039233685]	[0.139215707779]	[0.100000023842]	[0.0529412031174]	[0.0215686559677]	[-0.0176470577717]	[-0.0411764681339]	[-0.0764705836773]	[-0.0843137204647]	[-0.080392152071]	[-0.119607836008]	[-0.119607836008]	[-0.139215677977]	[-0.17450979352]	[-0.209803909063]	[-0.268627464771]	[-0.311764717102]	[-0.323529422283]	[-0.319607853889]	[-0.327450990677]	[-0.339215695858]	[-0.343137264252]	[-0.350980401039]	[-0.366666674614]	[-0.370588243008]	[-0.36274510622]	[-0.354901969433]	[-0.350980401039]	[-0.311764717102]	[-0.17450979352]	
