Layer0=
[0.40980392156862744][0.4137254901960784][0.4137254901960784][0.40980392156862744][0.40980392156862744][0.40980392156862744][0.4137254901960784][0.40980392156862744][0.4137254901960784][0.40980392156862744][0.40980392156862744][0.40980392156862744][0.4019607843137255][0.40588235294117647][0.40980392156862744][0.4137254901960784][0.4137254901960784][0.4137254901960784][0.4137254901960784][0.4137254901960784][0.4137254901960784][0.4137254901960784][0.40980392156862744][0.40980392156862744][0.40980392156862744][0.40980392156862744][0.40980392156862744][0.40980392156862744][0.40980392156862744][0.40980392156862744][0.40588235294117647][0.42156862745098034]
[0.42156862745098034][0.4254901960784314][0.4254901960784314][0.42156862745098034][0.42156862745098034][0.42156862745098034][0.4254901960784314][0.4254901960784314][0.4254901960784314][0.42156862745098034][0.41764705882352937][0.41764705882352937][0.41764705882352937][0.4254901960784314][0.4254901960784314][0.4294117647058824][0.4254901960784314][0.4254901960784314][0.4254901960784314][0.4254901960784314][0.4254901960784314][0.4254901960784314][0.42156862745098034][0.42156862745098034][0.42156862745098034][0.42156862745098034][0.42156862745098034][0.42156862745098034][0.42156862745098034][0.42156862745098034][0.42156862745098034][0.43333333333333335]
[0.41764705882352937][0.42156862745098034][0.42156862745098034][0.41764705882352937][0.41764705882352937][0.41764705882352937][0.41764705882352937][0.41764705882352937][0.41764705882352937][0.40588235294117647][0.40588235294117647][0.3901960784313725][0.41764705882352937][0.42156862745098034][0.4254901960784314][0.4254901960784314][0.42156862745098034][0.42156862745098034][0.41764705882352937][0.41764705882352937][0.41764705882352937][0.41764705882352937][0.41764705882352937][0.41764705882352937][0.41764705882352937][0.41764705882352937][0.41764705882352937][0.41764705882352937][0.41764705882352937][0.41764705882352937][0.41764705882352937][0.4294117647058824]
[0.42156862745098034][0.42156862745098034][0.42156862745098034][0.41764705882352937][0.41764705882352937][0.41764705882352937][0.41764705882352937][0.4254901960784314][0.3941176470588236][0.31176470588235294][0.3196078431372549][0.22941176470588232][0.37450980392156863][0.3941176470588236][0.40980392156862744][0.4137254901960784][0.42156862745098034][0.42156862745098034][0.41764705882352937][0.41764705882352937][0.41764705882352937][0.41764705882352937][0.41764705882352937][0.41764705882352937][0.42156862745098034][0.42156862745098034][0.42156862745098034][0.42156862745098034][0.42156862745098034][0.42156862745098034][0.42156862745098034][0.43333333333333335]
[0.4254901960784314][0.4254901960784314][0.4254901960784314][0.42156862745098034][0.42156862745098034][0.42156862745098034][0.42156862745098034][0.4294117647058824][0.4019607843137255][0.3392156862745098][0.2647058823529411][0.13921568627450975][0.29607843137254897][0.35882352941176465][0.4137254901960784][0.4254901960784314][0.42156862745098034][0.42156862745098034][0.41764705882352937][0.41764705882352937][0.42156862745098034][0.42156862745098034][0.41764705882352937][0.41764705882352937][0.42156862745098034][0.42156862745098034][0.42156862745098034][0.42156862745098034][0.42156862745098034][0.42156862745098034][0.41764705882352937][0.4294117647058824]
[0.4294117647058824][0.4294117647058824][0.4294117647058824][0.4254901960784314][0.4254901960784314][0.4254901960784314][0.4254901960784314][0.4254901960784314][0.38627450980392153][0.31176470588235294][0.22156862745098038][0.1470588235294118][0.1823529411764706][0.22549019607843135][0.26078431372549016][0.3156862745098039][0.39803921568627454][0.42156862745098034][0.40980392156862744][0.41764705882352937][0.4294117647058824][0.4294117647058824][0.42156862745098034][0.41764705882352937][0.42156862745098034][0.42156862745098034][0.4254901960784314][0.4254901960784314][0.4254901960784314][0.4254901960784314][0.4254901960784314][0.4372549019607843]
[0.4372549019607843][0.4294117647058824][0.4254901960784314][0.42156862745098034][0.42156862745098034][0.42156862745098034][0.4254901960784314][0.4137254901960784][0.27647058823529413][0.11176470588235299][0.0607843137254902][0.06470588235294117][0.10392156862745094][0.12352941176470589][0.13137254901960782][0.21764705882352942][0.3666666666666667][0.4137254901960784][0.3784313725490196][0.38235294117647056][0.4372549019607843][0.4372549019607843][0.4294117647058824][0.4294117647058824][0.4254901960784314][0.4294117647058824][0.4294117647058824][0.41764705882352937][0.40588235294117647][0.40980392156862744][0.3941176470588236][0.3941176470588236]
[0.43333333333333335][0.4294117647058824][0.4254901960784314][0.41764705882352937][0.4137254901960784][0.4137254901960784][0.41764705882352937][0.39803921568627454][0.22941176470588232][0.1352941176470588][0.12352941176470589][0.1470588235294118][0.17843137254901964][0.22156862745098038][0.22549019607843135][0.2568627450980392][0.3392156862745098][0.4137254901960784][0.35882352941176465][0.28823529411764703][0.4411764705882353][0.4372549019607843][0.4372549019607843][0.4372549019607843][0.43333333333333335][0.4294117647058824][0.41764705882352937][0.39803921568627454][0.3901960784313725][0.4019607843137255][0.3784313725490196][0.3313725490196079]
[0.43333333333333335][0.4294117647058824][0.42156862745098034][0.4019607843137255][0.4019607843137255][0.3941176470588236][0.3941176470588236][0.38235294117647056][0.3549019607843137][0.3509803921568627][0.32352941176470584][0.3196078431372549][0.3156862745098039][0.35882352941176465][0.3196078431372549][0.3196078431372549][0.4019607843137255][0.4137254901960784][0.36274509803921573][0.27254901960784317][0.4372549019607843][0.4294117647058824][0.43333333333333335][0.43333333333333335][0.43333333333333335][0.4254901960784314][0.40588235294117647][0.3901960784313725][0.38235294117647056][0.38235294117647056][0.3666666666666667][0.34705882352941175]
[0.43333333333333335][0.4254901960784314][0.42156862745098034][0.37450980392156863][0.22941176470588232][0.15490196078431373][0.15490196078431373][0.17450980392156867][0.22549019607843135][0.28823529411764703][0.3509803921568627][0.38235294117647056][0.38235294117647056][0.40588235294117647][0.3901960784313725][0.3941176470588236][0.4254901960784314][0.40980392156862744][0.38627450980392153][0.3392156862745098][0.4137254901960784][0.42156862745098034][0.42156862745098034][0.4254901960784314][0.4294117647058824][0.42156862745098034][0.38235294117647056][0.17450980392156867][0.033333333333333326][-0.013725490196078438][-0.033333333333333326][-0.03725490196078429]
[0.4294117647058824][0.42156862745098034][0.41764705882352937][0.34705882352941175][0.08431372549019611][-0.025490196078431393][0.0019607843137254832][0.025490196078431393][0.03725490196078429][0.0725490196078431][0.14313725490196083][0.24901960784313726][0.37450980392156863][0.39803921568627454][0.40588235294117647][0.40588235294117647][0.4019607843137255][0.40980392156862744][0.40588235294117647][0.39803921568627454][0.4019607843137255][0.40588235294117647][0.41764705882352937][0.4254901960784314][0.39803921568627454][0.3901960784313725][0.37058823529411766][0.0725490196078431][-0.06470588235294117][-0.07647058823529412][-0.09607843137254901][-0.07254901960784316]
[0.4254901960784314][0.41764705882352937][0.40588235294117647][0.35882352941176465][0.22549019607843135][0.056862745098039236][0.16666666666666663][0.22941176470588232][0.19803921568627447][0.20980392156862748][0.18627450980392157][0.21764705882352942][0.3549019607843137][0.38235294117647056][0.38627450980392153][0.38235294117647056][0.36274509803921573][0.34705882352941175][0.3274509803921568][0.3196078431372549][0.32352941176470584][0.35882352941176465][0.36274509803921573][0.34705882352941175][0.3274509803921568][0.33529411764705885][0.37450980392156863][0.3196078431372549][0.28431372549019607][0.2803921568627451][0.23725490196078436][0.2647058823529411]
[0.42156862745098034][0.40980392156862744][0.3666666666666667][0.35882352941176465][0.37058823529411766][0.2686274509803922][0.3313725490196079][0.3666666666666667][0.3509803921568627][0.37450980392156863][0.36274509803921573][0.3549019607843137][0.37450980392156863][0.292156862745098][0.09999999999999998][0.03725490196078429][-0.02156862745098037][-0.06470588235294117][-0.103921568627451][-0.13529411764705884][-0.1156862745098039][0.1823529411764706][0.31176470588235294][0.1941176470588235][0.1705882352941176][0.29607843137254897][0.3392156862745098][0.37450980392156863][0.3392156862745098][0.292156862745098][0.24901960784313726][0.2568627450980392]
[0.3666666666666667][0.3274509803921568][0.23725490196078436][0.20196078431372544][0.2803921568627451][0.3313725490196079][0.3274509803921568][0.292156862745098][0.31176470588235294][0.37450980392156863][0.3901960784313725][0.4137254901960784][0.41764705882352937][0.3666666666666667][0.12352941176470589][-0.09999999999999998][-0.24117647058823527][-0.292156862745098][-0.307843137254902][-0.32352941176470584][-0.28823529411764703][0.11960784313725492][0.34705882352941175][0.3156862745098039][0.2450980392156863][0.24901960784313726][0.16666666666666663][0.04117647058823526][-0.009803921568627472][-0.056862745098039236][-0.06470588235294117][-0.056862745098039236]
[0.27254901960784317][0.21372549019607845][0.04117647058823526][0.0019607843137254832][0.021568627450980427][0.033333333333333326][0.009803921568627416][-0.009803921568627472][0.013725490196078383][0.07647058823529407][0.11960784313725492][0.21764705882352942][0.303921568627451][0.35882352941176465][0.3666666666666667][0.31176470588235294][0.20980392156862748][0.04117647058823526][-0.103921568627451][-0.12745098039215685][-0.09607843137254901][0.13921568627450975][0.307843137254902][0.3392156862745098][0.2647058823529411][0.09215686274509804][0.045098039215686225][-0.017647058823529405][-0.23333333333333334][-0.2529411764705882][-0.22941176470588237][-0.26078431372549016]
[0.22549019607843135][0.23725490196078436][0.11568627450980395][0.08823529411764708][0.04117647058823526][-0.02156862745098037][-0.08039215686274509][-0.08823529411764708][-0.11176470588235293][-0.13137254901960782][-0.1156862745098039][-0.04509803921568628][0.01764705882352946][0.06862745098039214][0.12352941176470589][0.1823529411764706][0.28431372549019607][0.3549019607843137][0.27647058823529413][0.21764705882352942][0.20980392156862748][0.21372549019607845][0.22156862745098038][0.17843137254901964][0.13921568627450975][-0.033333333333333326][-0.12352941176470589][0.01764705882352946][-0.0019607843137254832][-0.16666666666666669][-0.27254901960784317][-0.3431372549019608]
[0.11568627450980395][0.1470588235294118][0.19803921568627447][0.2450980392156863][0.23333333333333328][0.17843137254901964][0.12745098039215685][0.11568627450980395][0.10392156862745094][0.08431372549019611][0.08431372549019611][0.10392156862745094][0.06862745098039214][0.056862745098039236][0.04117647058823526][0.06470588235294117][0.19019607843137254][0.38627450980392153][0.4019607843137255][0.3784313725490196][0.3941176470588236][0.36274509803921573][0.31176470588235294][0.20980392156862748][0.17450980392156867][0.05294117647058827][-0.03725490196078429][0.04117647058823526][0.307843137254902][0.025490196078431393][-0.39803921568627454][-0.44901960784313727]
[0.04117647058823526][0.0019607843137254832][0.013725490196078383][0.033333333333333326][0.06470588235294117][0.13137254901960782][0.1705882352941176][0.17450980392156867][0.22156862745098038][0.2529411764705882][0.26078431372549016][0.24117647058823533][0.23725490196078436][0.2568627450980392][0.20588235294117652][0.27647058823529413][0.32352941176470584][0.3666666666666667][0.37450980392156863][0.3196078431372549][0.4019607843137255][0.40980392156862744][0.4137254901960784][0.39803921568627454][0.38627450980392153][0.3313725490196079][0.2803921568627451][0.27254901960784317][0.38235294117647056][0.28431372549019607][-0.27254901960784317][-0.4803921568627451]
[0.00588235294117645][0.00588235294117645][-0.025490196078431393][-0.08823529411764708][-0.13137254901960782][-0.13529411764705884][-0.14313725490196078][-0.1392156862745098][-0.06470588235294117][-0.00588235294117645][0.01764705882352946][-0.052941176470588214][-0.056862745098039236][0.0725490196078431][0.11176470588235299][0.06862745098039214][0.07647058823529407][0.10392156862745094][0.20588235294117652][0.1941176470588235][0.2450980392156863][0.2529411764705882][0.24901960784313726][0.26078431372549016][0.26078431372549016][0.26078431372549016][0.2529411764705882][0.22156862745098038][0.22941176470588232][0.2450980392156863][0.06862745098039214][-0.34705882352941175]
[0.009803921568627416][-0.025490196078431393][-0.04901960784313725][-0.07647058823529412][-0.103921568627451][-0.13529411764705884][-0.17450980392156862][-0.18627450980392157][-0.17450980392156862][-0.1588235294117647][-0.13137254901960782][-0.13137254901960782][-0.13137254901960782][-0.0607843137254902][-0.03725490196078429][-0.09999999999999998][-0.10784313725490197][-0.09215686274509804][-0.013725490196078438][0.00588235294117645][0.00588235294117645][-0.0019607843137254832][0.0019607843137254832][0.013725490196078383][0.009803921568627416][-0.0019607843137254832][0.0019607843137254832][0.013725490196078383][0.03725490196078429][0.0607843137254902][0.1352941176470588][-0.02156862745098037]
[0.033333333333333326][-0.009803921568627472][-0.056862745098039236][-0.1392156862745098][-0.17843137254901958][-0.18627450980392157][-0.19803921568627453][-0.18627450980392157][-0.18627450980392157][-0.19019607843137254][-0.16666666666666669][-0.12745098039215685][-0.10784313725490197][-0.08431372549019606][-0.06862745098039214][-0.04901960784313725][-0.02941176470588236][-0.03725490196078429][-0.03725490196078429][-0.04901960784313725][-0.056862745098039236][-0.08039215686274509][-0.09999999999999998][-0.13137254901960782][-0.14705882352941174][-0.1588235294117647][-0.1588235294117647][-0.17058823529411765][-0.18627450980392157][-0.19803921568627453][-0.2019607843137255][-0.21372549019607845]
[0.03725490196078429][0.009803921568627416][-0.02941176470588236][-0.09215686274509804][-0.1588235294117647][-0.21764705882352942][-0.27647058823529413][-0.27647058823529413][-0.27647058823529413][-0.292156862745098][-0.292156862745098][-0.28431372549019607][-0.2647058823529412][-0.2372549019607843][-0.21764705882352942][-0.22156862745098038][-0.22549019607843135][-0.24117647058823527][-0.2647058823529412][-0.296078431372549][-0.31176470588235294][-0.33529411764705885][-0.3666666666666667][-0.39803921568627454][-0.4137254901960784][-0.4215686274509804][-0.4176470588235294][-0.4294117647058824][-0.4294117647058824][-0.4647058823529412][-0.48823529411764705][-0.44901960784313727]
[0.09999999999999998][0.025490196078431393][-0.02156862745098037][-0.04509803921568628][-0.017647058823529405][-0.056862745098039236][-0.16666666666666669][-0.27647058823529413][-0.34705882352941175][-0.38235294117647056][-0.4137254901960784][-0.4176470588235294][-0.4176470588235294][-0.4176470588235294][-0.40588235294117647][-0.44901960784313727][-0.48823529411764705][-0.49607843137254903][-0.4803921568627451][-0.4764705882352941][-0.5][-0.5][-0.5][-0.49607843137254903][-0.48823529411764705][-0.46862745098039216][-0.4137254901960784][-0.3588235294117647][-0.37450980392156863][-0.46862745098039216][-0.4568627450980392][-0.3588235294117647]
[0.17450980392156867][0.0725490196078431][0.01764705882352946][-0.041176470588235314][-0.052941176470588214][0.01764705882352946][0.06470588235294117][-0.02156862745098037][-0.16274509803921566][-0.2568627450980392][-0.3392156862745098][-0.4019607843137255][-0.44509803921568625][-0.4725490196078431][-0.4843137254901961][-0.4843137254901961][-0.4607843137254902][-0.3784313725490196][-0.27647058823529413][-0.43333333333333335][-0.5][-0.49215686274509807][-0.4803921568627451][-0.4411764705882353][-0.3941176470588235][-0.307843137254902][-0.22549019607843135][-0.22156862745098038][-0.3941176470588235][-0.44901960784313727][-0.39803921568627454][-0.3627450980392157]
[0.22156862745098038][0.14313725490196083][0.056862745098039236][0.00588235294117645][-0.02941176470588236][-0.08431372549019606][-0.08823529411764708][-0.0019607843137254832][0.09215686274509804][0.10392156862745094][0.04117647058823526][-0.03725490196078429][-0.07254901960784316][-0.08823529411764708][-0.08823529411764708][-0.0607843137254902][0.013725490196078383][0.13137254901960782][-0.03725490196078429][-0.4725490196078431][-0.5][-0.49215686274509807][-0.4843137254901961][-0.4294117647058824][-0.3588235294117647][-0.28823529411764703][-0.2450980392156863][-0.32352941176470584][-0.48823529411764705][-0.4843137254901961][-0.44901960784313727][-0.4372549019607843]
[0.22549019607843135][0.1705882352941176][0.09607843137254901][0.01764705882352946][0.00588235294117645][-0.02156862745098037][-0.09215686274509804][-0.12745098039215685][-0.09607843137254901][-0.017647058823529405][0.08823529411764708][0.17450980392156867][0.23333333333333328][0.2647058823529411][0.26078431372549016][0.2686274509803922][0.303921568627451][0.21372549019607845][-0.23333333333333334][-0.5][-0.48823529411764705][-0.49215686274509807][-0.49215686274509807][-0.4725490196078431][-0.4176470588235294][-0.37450980392156863][-0.38235294117647056][-0.45294117647058824][-0.5][-0.5][-0.45294117647058824][-0.3431372549019608]
[0.22156862745098038][0.17843137254901964][0.1352941176470588][0.06470588235294117][0.00588235294117645][-0.009803921568627472][-0.009803921568627472][-0.041176470588235314][-0.13137254901960782][-0.1823529411764706][-0.14313725490196078][-0.033333333333333326][0.10784313725490191][0.20196078431372544][0.24901960784313726][0.2647058823529411][0.29607843137254897][0.09999999999999998][-0.37450980392156863][-0.49607843137254903][-0.4843137254901961][-0.49215686274509807][-0.49215686274509807][-0.4843137254901961][-0.45294117647058824][-0.4294117647058824][-0.45294117647058824][-0.4843137254901961][-0.49607843137254903][-0.49607843137254903][-0.39803921568627454][-0.22941176470588237]
[0.22941176470588232][0.19019607843137254][0.1470588235294118][0.07647058823529407][0.01764705882352946][-0.025490196078431393][-0.02156862745098037][0.0019607843137254832][-0.025490196078431393][-0.09999999999999998][-0.16666666666666669][-0.20980392156862743][-0.16666666666666669][-0.025490196078431393][0.16274509803921566][0.27647058823529413][0.303921568627451][0.056862745098039236][-0.3941176470588235][-0.49607843137254903][-0.48823529411764705][-0.49607843137254903][-0.49607843137254903][-0.49607843137254903][-0.4843137254901961][-0.4725490196078431][-0.4803921568627451][-0.49215686274509807][-0.49215686274509807][-0.49607843137254903][-0.3156862745098039][-0.17450980392156862]
[0.23725490196078436][0.1941176470588235][0.1352941176470588][0.08039215686274515][0.033333333333333326][0.0019607843137254832][-0.009803921568627472][-0.017647058823529405][-0.013725490196078438][-0.02156862745098037][-0.04901960784313725][-0.11176470588235293][-0.20980392156862743][-0.2803921568627451][-0.20980392156862743][-0.041176470588235314][0.11568627450980395][-0.09999999999999998][-0.4411764705882353][-0.5][-0.49607843137254903][-0.49607843137254903][-0.49607843137254903][-0.49607843137254903][-0.49607843137254903][-0.49607843137254903][-0.49607843137254903][-0.49215686274509807][-0.48823529411764705][-0.4764705882352941][-0.28823529411764703][-0.1392156862745098]
[0.23725490196078436][0.21372549019607845][0.16274509803921566][0.11176470588235299][0.0607843137254902][0.045098039215686225][0.013725490196078383][-0.02941176470588236][-0.04509803921568628][-0.017647058823529405][0.025490196078431393][0.01764705882352946][-0.056862745098039236][-0.18627450980392157][-0.27647058823529413][-0.292156862745098][-0.22156862745098038][-0.33529411764705885][-0.4843137254901961][-0.5][-0.49215686274509807][-0.48823529411764705][-0.48823529411764705][-0.48823529411764705][-0.49215686274509807][-0.49215686274509807][-0.4803921568627451][-0.46862745098039216][-0.4568627450980392][-0.42549019607843136][-0.33137254901960783][-0.1588235294117647]
[0.23333333333333328][0.22549019607843135][0.1823529411764706][0.12352941176470589][0.08039215686274515][0.045098039215686225][0.013725490196078383][-0.017647058823529405][-0.04901960784313725][-0.041176470588235314][0.013725490196078383][0.045098039215686225][0.0019607843137254832][-0.04509803921568628][-0.09215686274509804][-0.1588235294117647][-0.24901960784313726][-0.3549019607843137][-0.40980392156862744][-0.42549019607843136][-0.42549019607843136][-0.4215686274509804][-0.42549019607843136][-0.4294117647058824][-0.4372549019607843][-0.43333333333333335][-0.4137254901960784][-0.3941176470588235][-0.3784313725490196][-0.3588235294117647][-0.3196078431372549][-0.17843137254901958]
[0.22941176470588232][0.20588235294117652][0.1588235294117647][0.11960784313725492][0.08431372549019611][0.05294117647058827][0.033333333333333326][0.00588235294117645][-0.02156862745098037][-0.052941176470588214][-0.03725490196078429][-0.0019607843137254832][-0.0019607843137254832][0.021568627450980427][-0.0019607843137254832][-0.04509803921568628][-0.09215686274509804][-0.1823529411764706][-0.23333333333333334][-0.26862745098039215][-0.28431372549019607][-0.292156862745098][-0.3][-0.307843137254902][-0.31176470588235294][-0.3196078431372549][-0.3156862745098039][-0.3][-0.28431372549019607][-0.27254901960784317][-0.2568627450980392][-0.16666666666666669]
Layer1=
[0.40980392156862744][0.4137254901960784][0.4137254901960784][0.40980392156862744][0.40980392156862744][0.40980392156862744][0.4137254901960784][0.4137254901960784][0.4137254901960784][0.40980392156862744][0.40588235294117647][0.40980392156862744][0.4137254901960784][0.4137254901960784][0.40588235294117647][0.40588235294117647][0.40980392156862744][0.4137254901960784][0.4137254901960784][0.4137254901960784][0.4137254901960784][0.4137254901960784][0.40980392156862744][0.40980392156862744][0.40980392156862744][0.40980392156862744][0.40980392156862744][0.40980392156862744][0.40980392156862744][0.40980392156862744][0.40588235294117647][0.42156862745098034]
[0.42156862745098034][0.4254901960784314][0.4254901960784314][0.42156862745098034][0.42156862745098034][0.42156862745098034][0.4254901960784314][0.4254901960784314][0.4254901960784314][0.4254901960784314][0.41764705882352937][0.42156862745098034][0.4254901960784314][0.4254901960784314][0.41764705882352937][0.41764705882352937][0.4254901960784314][0.4254901960784314][0.4254901960784314][0.4254901960784314][0.4254901960784314][0.4254901960784314][0.42156862745098034][0.42156862745098034][0.42156862745098034][0.42156862745098034][0.42156862745098034][0.42156862745098034][0.42156862745098034][0.42156862745098034][0.42156862745098034][0.43333333333333335]
[0.41764705882352937][0.42156862745098034][0.42156862745098034][0.41764705882352937][0.41764705882352937][0.41764705882352937][0.41764705882352937][0.41764705882352937][0.41764705882352937][0.4137254901960784][0.42156862745098034][0.4019607843137255][0.42156862745098034][0.42156862745098034][0.41764705882352937][0.4137254901960784][0.41764705882352937][0.42156862745098034][0.41764705882352937][0.41764705882352937][0.41764705882352937][0.41764705882352937][0.41764705882352937][0.41764705882352937][0.41764705882352937][0.41764705882352937][0.41764705882352937][0.41764705882352937][0.41764705882352937][0.41764705882352937][0.41764705882352937][0.4294117647058824]
[0.42156862745098034][0.42156862745098034][0.42156862745098034][0.41764705882352937][0.41764705882352937][0.41764705882352937][0.41764705882352937][0.42156862745098034][0.3941176470588236][0.32352941176470584][0.34705882352941175][0.2529411764705882][0.38627450980392153][0.4019607843137255][0.40980392156862744][0.4137254901960784][0.42156862745098034][0.42156862745098034][0.41764705882352937][0.41764705882352937][0.41764705882352937][0.41764705882352937][0.41764705882352937][0.41764705882352937][0.42156862745098034][0.42156862745098034][0.42156862745098034][0.42156862745098034][0.42156862745098034][0.42156862745098034][0.42156862745098034][0.43333333333333335]
[0.4254901960784314][0.4254901960784314][0.4254901960784314][0.4254901960784314][0.42156862745098034][0.42156862745098034][0.42156862745098034][0.42156862745098034][0.39803921568627454][0.3549019607843137][0.303921568627451][0.17450980392156867][0.32352941176470584][0.38235294117647056][0.4294117647058824][0.43333333333333335][0.42156862745098034][0.42156862745098034][0.41764705882352937][0.41764705882352937][0.42156862745098034][0.42156862745098034][0.41764705882352937][0.41764705882352937][0.42156862745098034][0.42156862745098034][0.42156862745098034][0.42156862745098034][0.42156862745098034][0.42156862745098034][0.41764705882352937][0.4294117647058824]
[0.4294117647058824][0.4294117647058824][0.4294117647058824][0.4254901960784314][0.4254901960784314][0.4254901960784314][0.4254901960784314][0.42156862745098034][0.3941176470588236][0.3431372549019608][0.2686274509803922][0.20196078431372544][0.23725490196078436][0.27647058823529413][0.303921568627451][0.34705882352941175][0.40588235294117647][0.4294117647058824][0.4137254901960784][0.42156862745098034][0.4254901960784314][0.4254901960784314][0.42156862745098034][0.41764705882352937][0.42156862745098034][0.4254901960784314][0.42156862745098034][0.42156862745098034][0.42156862745098034][0.42156862745098034][0.42156862745098034][0.4372549019607843]
[0.4294117647058824][0.4294117647058824][0.43333333333333335][0.4254901960784314][0.42156862745098034][0.4254901960784314][0.4294117647058824][0.43333333333333335][0.307843137254902][0.16274509803921566][0.12352941176470589][0.13921568627450975][0.19019607843137254][0.20588235294117652][0.20588235294117652][0.27254901960784317][0.38627450980392153][0.4294117647058824][0.3941176470588236][0.39803921568627454][0.4294117647058824][0.4254901960784314][0.42156862745098034][0.42156862745098034][0.4294117647058824][0.4294117647058824][0.4254901960784314][0.40980392156862744][0.3941176470588236][0.4019607843137255][0.3901960784313725][0.39803921568627454]
[0.43333333333333335][0.4372549019607843][0.4372549019607843][0.4372549019607843][0.43333333333333335][0.43333333333333335][0.4372549019607843][0.4372549019607843][0.2803921568627451][0.19019607843137254][0.1823529411764706][0.21372549019607845][0.24901960784313726][0.28823529411764703][0.28823529411764703][0.30000000000000004][0.3549019607843137][0.4254901960784314][0.37058823529411766][0.30000000000000004][0.43333333333333335][0.4254901960784314][0.4294117647058824][0.4294117647058824][0.4294117647058824][0.43333333333333335][0.4294117647058824][0.41764705882352937][0.40980392156862744][0.41764705882352937][0.4019607843137255][0.36274509803921573]
[0.43333333333333335][0.4411764705882353][0.4411764705882353][0.4411764705882353][0.4411764705882353][0.4372549019607843][0.43333333333333335][0.4411764705882353][0.42156862745098034][0.4137254901960784][0.3784313725490196][0.3666666666666667][0.3549019607843137][0.3941176470588236][0.34705882352941175][0.33529411764705885][0.40588235294117647][0.41764705882352937][0.3666666666666667][0.27647058823529413][0.4372549019607843][0.4294117647058824][0.4254901960784314][0.4254901960784314][0.4254901960784314][0.4294117647058824][0.43333333333333335][0.4411764705882353][0.4372549019607843][0.43333333333333335][0.4254901960784314][0.41764705882352937]
[0.4411764705882353][0.4411764705882353][0.44509803921568625][0.42156862745098034][0.2803921568627451][0.20588235294117652][0.20196078431372544][0.24117647058823533][0.30000000000000004][0.35882352941176465][0.4137254901960784][0.4294117647058824][0.40980392156862744][0.4254901960784314][0.4019607843137255][0.4019607843137255][0.4294117647058824][0.41764705882352937][0.3941176470588236][0.34705882352941175][0.4294117647058824][0.4294117647058824][0.42156862745098034][0.4137254901960784][0.41764705882352937][0.4254901960784314][0.41764705882352937][0.23725490196078436][0.10784313725490191][0.056862745098039236][0.04117647058823526][0.0490196078431373]
[0.4411764705882353][0.4411764705882353][0.44509803921568625][0.3941176470588236][0.1352941176470588][0.021568627450980427][0.0490196078431373][0.08431372549019611][0.11176470588235299][0.1470588235294118][0.22156862745098038][0.307843137254902][0.40980392156862744][0.4294117647058824][0.4294117647058824][0.4254901960784314][0.42156862745098034][0.4294117647058824][0.42156862745098034][0.41764705882352937][0.4294117647058824][0.4254901960784314][0.41764705882352937][0.40980392156862744][0.38627450980392153][0.3941176470588236][0.39803921568627454][0.12352941176470589][-0.0019607843137254832][-0.009803921568627472][-0.025490196078431393][0.009803921568627416]
[0.4411764705882353][0.44509803921568625][0.4411764705882353][0.4019607843137255][0.2647058823529411][0.09215686274509804][0.19803921568627447][0.27254901960784317][0.26078431372549016][0.28431372549019607][0.27647058823529413][0.30000000000000004][0.40588235294117647][0.4294117647058824][0.4254901960784314][0.41764705882352937][0.39803921568627454][0.38235294117647056][0.3666666666666667][0.35882352941176465][0.3666666666666667][0.38627450980392153][0.37058823529411766][0.33529411764705885][0.3196078431372549][0.33529411764705885][0.3901960784313725][0.3509803921568627][0.3274509803921568][0.3274509803921568][0.292156862745098][0.3313725490196079]
[0.44509803921568625][0.4372549019607843][0.4019607843137255][0.3901960784313725][0.4019607843137255][0.29607843137254897][0.35882352941176465][0.3941176470588236][0.38627450980392153][0.41764705882352937][0.4137254901960784][0.40980392156862744][0.4254901960784314][0.34705882352941175][0.15490196078431373][0.09607843137254901][0.04117647058823526][0.00588235294117645][-0.025490196078431393][-0.052941176470588214][-0.0607843137254902][0.22156862745098038][0.33529411764705885][0.20588235294117652][0.1823529411764706][0.3156862745098039][0.35882352941176465][0.38235294117647056][0.3509803921568627][0.3274509803921568][0.292156862745098][0.31176470588235294]
[0.40588235294117647][0.3666666666666667][0.27254901960784317][0.22941176470588232][0.307843137254902][0.35882352941176465][0.3549019607843137][0.3156862745098039][0.3274509803921568][0.3941176470588236][0.40588235294117647][0.4294117647058824][0.4372549019607843][0.3901960784313725][0.1588235294117647][-0.052941176470588214][-0.17058823529411765][-0.21372549019607845][-0.21372549019607845][-0.22549019607843135][-0.22156862745098038][0.17450980392156867][0.4019607843137255][0.35882352941176465][0.2803921568627451][0.28823529411764703][0.21372549019607845][0.06862745098039214][0.013725490196078383][-0.009803921568627472][-0.009803921568627472][0.009803921568627416]
[0.3313725490196079][0.27254901960784317][0.09999999999999998][0.03725490196078429][0.056862745098039236][0.0725490196078431][0.045098039215686225][0.021568627450980427][0.04117647058823526][0.10392156862745094][0.15098039215686276][0.22941176470588232][0.29607843137254897][0.35882352941176465][0.37058823529411766][0.3313725490196079][0.2529411764705882][0.09215686274509804][-0.041176470588235314][-0.0607843137254902][-0.025490196078431393][0.20588235294117652][0.37450980392156863][0.3941176470588236][0.28431372549019607][0.11568627450980395][0.10784313725490191][0.05294117647058827][-0.16666666666666669][-0.19019607843137254][-0.16274509803921566][-0.1823529411764706]
[0.29607843137254897][0.307843137254902][0.1823529411764706][0.14313725490196083][0.09215686274509804][0.02941176470588236][-0.025490196078431393][-0.03725490196078429][-0.06470588235294117][-0.08431372549019606][-0.06470588235294117][-0.009803921568627472][0.033333333333333326][0.08823529411764708][0.1470588235294118][0.20980392156862748][0.32352941176470584][0.3941176470588236][0.3196078431372549][0.26078431372549016][0.2568627450980392][0.26078431372549016][0.26078431372549016][0.20588235294117652][0.11960784313725492][-0.04901960784313725][-0.08039215686274509][0.09215686274509804][0.06470588235294117][-0.1156862745098039][-0.22549019607843135][-0.292156862745098]
[0.18627450980392157][0.21764705882352942][0.2686274509803922][0.31176470588235294][0.30000000000000004][0.2450980392156863][0.1941176470588235][0.1823529411764706][0.1705882352941176][0.1470588235294118][0.1470588235294118][0.1705882352941176][0.13921568627450975][0.11960784313725492][0.10392156862745094][0.12352941176470589][0.24117647058823533][0.43333333333333335][0.44509803921568625][0.41764705882352937][0.41764705882352937][0.3784313725490196][0.3196078431372549][0.20980392156862748][0.1352941176470588][0.021568627450980427][-0.017647058823529405][0.08823529411764708][0.34705882352941175][0.0490196078431373][-0.3862745098039216][-0.4411764705882353]
[0.10392156862745094][0.0607843137254902][0.0725490196078431][0.11176470588235299][0.1470588235294118][0.20980392156862748][0.24901960784313726][0.2568627450980392][0.30000000000000004][0.3313725490196079][0.3392156862745098][0.3313725490196079][0.33529411764705885][0.34705882352941175][0.28431372549019607][0.3509803921568627][0.3941176470588236][0.43333333333333335][0.43333333333333335][0.3666666666666667][0.43333333333333335][0.43333333333333335][0.4254901960784314][0.4019607843137255][0.3784313725490196][0.3313725490196079][0.31176470588235294][0.303921568627451][0.40980392156862744][0.31176470588235294][-0.2568627450980392][-0.4803921568627451]
[0.056862745098039236][0.05294117647058827][0.021568627450980427][-0.009803921568627472][-0.04509803921568628][-0.052941176470588214][-0.0607843137254902][-0.04901960784313725][0.02941176470588236][0.08823529411764708][0.11568627450980395][0.03725490196078429][0.021568627450980427][0.13921568627450975][0.1705882352941176][0.13137254901960782][0.16274509803921566][0.19019607843137254][0.27647058823529413][0.2568627450980392][0.31176470588235294][0.31176470588235294][0.29607843137254897][0.307843137254902][0.3156862745098039][0.3274509803921568][0.3274509803921568][0.27254901960784317][0.2686274509803922][0.30000000000000004][0.10784313725490191][-0.32352941176470584]
[0.06470588235294117][0.021568627450980427][-0.009803921568627472][-0.025490196078431393][-0.041176470588235314][-0.06470588235294117][-0.09607843137254901][-0.11960784313725492][-0.09607843137254901][-0.0607843137254902][-0.041176470588235314][-0.0607843137254902][-0.07254901960784316][0.0019607843137254832][0.025490196078431393][-0.02941176470588236][-0.02156862745098037][-0.00588235294117645][0.06862745098039214][0.08431372549019611][0.08431372549019611][0.07647058823529407][0.07647058823529407][0.08823529411764708][0.08823529411764708][0.08823529411764708][0.09607843137254901][0.09607843137254901][0.10392156862745094][0.12745098039215685][0.20196078431372544][0.02941176470588236]
[0.08431372549019611][0.02941176470588236][-0.033333333333333326][-0.09215686274509804][-0.1156862745098039][-0.10784313725490197][-0.10784313725490197][-0.13137254901960782][-0.1392156862745098][-0.11960784313725492][-0.103921568627451][-0.07254901960784316][-0.033333333333333326][-0.0019607843137254832][0.021568627450980427][0.033333333333333326][0.021568627450980427][0.01764705882352946][0.033333333333333326][0.03725490196078429][0.013725490196078383][-0.013725490196078438][-0.033333333333333326][-0.06470588235294117][-0.08823529411764708][-0.09999999999999998][-0.09999999999999998][-0.1156862745098039][-0.13529411764705884][-0.14705882352941174][-0.14705882352941174][-0.1588235294117647]
[0.0725490196078431][0.033333333333333326][-0.013725490196078438][-0.056862745098039236][-0.10784313725490197][-0.15098039215686276][-0.1941176470588235][-0.22156862745098038][-0.22941176470588237][-0.22941176470588237][-0.23333333333333334][-0.2372549019607843][-0.21764705882352942][-0.1823529411764706][-0.15490196078431373][-0.1588235294117647][-0.19019607843137254][-0.19803921568627453][-0.20588235294117646][-0.22941176470588237][-0.26862745098039215][-0.3][-0.33137254901960783][-0.3588235294117647][-0.38235294117647056][-0.4019607843137255][-0.4019607843137255][-0.39803921568627454][-0.39803921568627454][-0.4372549019607843][-0.4568627450980392][-0.4019607843137255]
[0.12745098039215685][0.045098039215686225][-0.017647058823529405][-0.04901960784313725][-0.017647058823529405][-0.04901960784313725][-0.14705882352941174][-0.22549019607843135][-0.27254901960784317][-0.303921568627451][-0.32745098039215687][-0.3509803921568627][-0.3784313725490196][-0.37058823529411766][-0.3509803921568627][-0.3862745098039216][-0.40980392156862744][-0.42549019607843136][-0.4294117647058824][-0.44901960784313727][-0.4843137254901961][-0.49215686274509807][-0.49215686274509807][-0.4843137254901961][-0.46862745098039216][-0.4568627450980392][-0.4019607843137255][-0.32352941176470584][-0.32745098039215687][-0.44901960784313727][-0.4372549019607843][-0.3196078431372549]
[0.20196078431372544][0.09607843137254901][0.025490196078431393][-0.06470588235294117][-0.08823529411764708][-0.02941176470588236][0.013725490196078383][-0.013725490196078438][-0.11960784313725492][-0.22156862745098038][-0.28431372549019607][-0.33137254901960783][-0.3627450980392157][-0.38235294117647056][-0.38235294117647056][-0.38235294117647056][-0.3588235294117647][-0.303921568627451][-0.24901960784313726][-0.43333333333333335][-0.5][-0.49215686274509807][-0.4803921568627451][-0.4411764705882353][-0.3784313725490196][-0.303921568627451][-0.22549019607843135][-0.1823529411764706][-0.3392156862745098][-0.42549019607843136][-0.3941176470588235][-0.3392156862745098]
[0.26078431372549016][0.17450980392156867][0.07647058823529407][0.009803921568627416][-0.04509803921568628][-0.13137254901960782][-0.16274509803921566][-0.08431372549019606][-0.00588235294117645][-0.00588235294117645][-0.04901960784313725][-0.08039215686274509][-0.08823529411764708][-0.09607843137254901][-0.08823529411764708][-0.0607843137254902][0.0019607843137254832][0.11960784313725492][-0.041176470588235314][-0.46862745098039216][-0.49607843137254903][-0.49215686274509807][-0.4843137254901961][-0.4294117647058824][-0.37058823529411766][-0.33137254901960783][-0.296078431372549][-0.32745098039215687][-0.45294117647058824][-0.4607843137254902][-0.4607843137254902][-0.4411764705882353]
[0.27254901960784317][0.21372549019607845][0.1352941176470588][0.05294117647058827][0.01764705882352946][-0.03725490196078429][-0.13529411764705884][-0.22156862745098038][-0.24117647058823527][-0.20588235294117646][-0.12352941176470589][-0.06862745098039214][-0.056862745098039236][-0.033333333333333326][-0.017647058823529405][-0.0019607843137254832][0.009803921568627416][0.0019607843137254832][-0.27254901960784317][-0.5][-0.49215686274509807][-0.49607843137254903][-0.49607843137254903][-0.4764705882352941][-0.4607843137254902][-0.45294117647058824][-0.45294117647058824][-0.4764705882352941][-0.4843137254901961][-0.48823529411764705][-0.4607843137254902][-0.3431372549019608]
[0.27647058823529413][0.23333333333333328][0.19019607843137254][0.09999999999999998][0.02941176470588236][0.0019607843137254832][-0.00588235294117645][-0.06862745098039214][-0.19803921568627453][-0.31176470588235294][-0.3509803921568627][-0.33529411764705885][-0.307843137254902][-0.303921568627451][-0.31176470588235294][-0.3196078431372549][-0.3156862745098039][-0.32352941176470584][-0.45294117647058824][-0.49607843137254903][-0.5][-0.5][-0.5][-0.49607843137254903][-0.49215686274509807][-0.48823529411764705][-0.49215686274509807][-0.49607843137254903][-0.49607843137254903][-0.49607843137254903][-0.3862745098039216][-0.19803921568627453]
[0.28823529411764703][0.24901960784313726][0.20196078431372544][0.11568627450980395][0.045098039215686225][-0.0019607843137254832][-0.00588235294117645][-0.013725490196078438][-0.056862745098039236][-0.1392156862745098][-0.24117647058823527][-0.3392156862745098][-0.3862745098039216][-0.4019607843137255][-0.4019607843137255][-0.4019607843137255][-0.37450980392156863][-0.4019607843137255][-0.48823529411764705][-0.49215686274509807][-0.5][-0.5][-0.5][-0.5][-0.5][-0.49607843137254903][-0.49607843137254903][-0.5][-0.49607843137254903][-0.49607843137254903][-0.296078431372549][-0.13137254901960782]
[0.292156862745098][0.2529411764705882][0.19019607843137254][0.12352941176470589][0.06862745098039214][0.02941176470588236][0.009803921568627416][-0.017647058823529405][-0.013725490196078438][-0.00588235294117645][-0.04901960784313725][-0.14705882352941174][-0.27254901960784317][-0.3941176470588235][-0.44901960784313727][-0.43333333333333335][-0.3784313725490196][-0.42549019607843136][-0.49607843137254903][-0.48823529411764705][-0.49607843137254903][-0.5][-0.5][-0.49607843137254903][-0.49215686274509807][-0.48823529411764705][-0.48823529411764705][-0.49215686274509807][-0.49215686274509807][-0.4725490196078431][-0.2647058823529412][-0.09999999999999998]
[0.292156862745098][0.27254901960784317][0.22156862745098038][0.1588235294117647][0.10392156862745094][0.08039215686274515][0.04117647058823526][0.0019607843137254832][-0.009803921568627472][-0.00588235294117645][-0.00588235294117645][-0.056862745098039236][-0.1156862745098039][-0.19803921568627453][-0.303921568627451][-0.3941176470588235][-0.4176470588235294][-0.44901960784313727][-0.4803921568627451][-0.4764705882352941][-0.48823529411764705][-0.4843137254901961][-0.4843137254901961][-0.4843137254901961][-0.4725490196078431][-0.4607843137254902][-0.4568627450980392][-0.4607843137254902][-0.45294117647058824][-0.40980392156862744][-0.3][-0.11176470588235293]
[0.292156862745098][0.28431372549019607][0.24117647058823533][0.17450980392156867][0.12745098039215685][0.08431372549019611][0.045098039215686225][0.021568627450980427][-0.0019607843137254832][-0.02156862745098037][-0.02156862745098037][-0.025490196078431393][-0.0607843137254902][-0.09999999999999998][-0.15490196078431373][-0.22549019607843135][-0.28431372549019607][-0.3431372549019608][-0.3784313725490196][-0.3941176470588235][-0.40980392156862744][-0.4137254901960784][-0.4176470588235294][-0.4176470588235294][-0.40980392156862744][-0.39803921568627454][-0.39019607843137255][-0.38235294117647056][-0.3627450980392157][-0.32745098039215687][-0.27647058823529413][-0.12352941176470589]
[0.28431372549019607][0.2647058823529411][0.21764705882352942][0.1705882352941176][0.1352941176470588][0.09607843137254901][0.06862745098039214][0.033333333333333326][0.013725490196078383][-0.009803921568627472][-0.013725490196078438][-0.0019607843137254832][-0.025490196078431393][-0.04509803921568628][-0.07254901960784316][-0.09607843137254901][-0.12352941176470589][-0.17058823529411765][-0.22156862745098038][-0.2372549019607843][-0.2568627450980392][-0.27254901960784317][-0.2803921568627451][-0.28431372549019607][-0.28431372549019607][-0.292156862745098][-0.292156862745098][-0.2803921568627451][-0.26078431372549016][-0.2372549019607843][-0.20588235294117646][-0.103921568627451]
Layer2=
[0.40980392156862744][0.4137254901960784][0.4137254901960784][0.40980392156862744][0.40980392156862744][0.40980392156862744][0.4137254901960784][0.40588235294117647][0.4019607843137255][0.40980392156862744][0.41764705882352937][0.41764705882352937][0.40980392156862744][0.4137254901960784][0.4137254901960784][0.4137254901960784][0.4137254901960784][0.4137254901960784][0.4137254901960784][0.4137254901960784][0.4137254901960784][0.4137254901960784][0.40980392156862744][0.40980392156862744][0.40980392156862744][0.40980392156862744][0.40980392156862744][0.40980392156862744][0.40980392156862744][0.40980392156862744][0.40588235294117647][0.42156862745098034]
[0.42156862745098034][0.4254901960784314][0.4254901960784314][0.42156862745098034][0.42156862745098034][0.42156862745098034][0.4254901960784314][0.41764705882352937][0.42156862745098034][0.4294117647058824][0.43333333333333335][0.4294117647058824][0.41764705882352937][0.41764705882352937][0.4137254901960784][0.4137254901960784][0.4254901960784314][0.4254901960784314][0.4254901960784314][0.4254901960784314][0.4254901960784314][0.4254901960784314][0.42156862745098034][0.42156862745098034][0.42156862745098034][0.42156862745098034][0.42156862745098034][0.42156862745098034][0.42156862745098034][0.42156862745098034][0.42156862745098034][0.43333333333333335]
[0.41764705882352937][0.42156862745098034][0.42156862745098034][0.41764705882352937][0.41764705882352937][0.41764705882352937][0.41764705882352937][0.41764705882352937][0.41764705882352937][0.42156862745098034][0.43333333333333335][0.4137254901960784][0.4254901960784314][0.41764705882352937][0.40588235294117647][0.40588235294117647][0.41764705882352937][0.42156862745098034][0.41764705882352937][0.41764705882352937][0.41764705882352937][0.41764705882352937][0.41764705882352937][0.41764705882352937][0.41764705882352937][0.41764705882352937][0.41764705882352937][0.41764705882352937][0.41764705882352937][0.41764705882352937][0.41764705882352937][0.4294117647058824]
[0.42156862745098034][0.42156862745098034][0.42156862745098034][0.41764705882352937][0.41764705882352937][0.41764705882352937][0.41764705882352937][0.42156862745098034][0.4019607843137255][0.33529411764705885][0.35882352941176465][0.27254901960784317][0.40588235294117647][0.40980392156862744][0.40588235294117647][0.4019607843137255][0.41764705882352937][0.42156862745098034][0.41764705882352937][0.41764705882352937][0.41764705882352937][0.41764705882352937][0.41764705882352937][0.41764705882352937][0.42156862745098034][0.42156862745098034][0.42156862745098034][0.42156862745098034][0.42156862745098034][0.42156862745098034][0.42156862745098034][0.43333333333333335]
[0.4254901960784314][0.4254901960784314][0.4254901960784314][0.4254901960784314][0.42156862745098034][0.42156862745098034][0.42156862745098034][0.4294117647058824][0.40980392156862744][0.3666666666666667][0.3156862745098039][0.20196078431372544][0.35882352941176465][0.4019607843137255][0.4294117647058824][0.4254901960784314][0.42156862745098034][0.42156862745098034][0.41764705882352937][0.41764705882352937][0.42156862745098034][0.42156862745098034][0.41764705882352937][0.41764705882352937][0.42156862745098034][0.42156862745098034][0.42156862745098034][0.42156862745098034][0.42156862745098034][0.42156862745098034][0.41764705882352937][0.4294117647058824]
[0.4294117647058824][0.4294117647058824][0.4294117647058824][0.4254901960784314][0.42156862745098034][0.42156862745098034][0.42156862745098034][0.4294117647058824][0.40980392156862744][0.36274509803921573][0.292156862745098][0.24117647058823533][0.28431372549019607][0.31176470588235294][0.32352941176470584][0.3549019607843137][0.40980392156862744][0.4294117647058824][0.41764705882352937][0.4254901960784314][0.4254901960784314][0.4254901960784314][0.42156862745098034][0.41764705882352937][0.42156862745098034][0.42156862745098034][0.42156862745098034][0.42156862745098034][0.42156862745098034][0.42156862745098034][0.42156862745098034][0.43333333333333335]
[0.43333333333333335][0.4294117647058824][0.4294117647058824][0.4254901960784314][0.42156862745098034][0.4137254901960784][0.41764705882352937][0.4372549019607843][0.3274509803921568][0.1941176470588235][0.1705882352941176][0.1941176470588235][0.2450980392156863][0.24901960784313726][0.2450980392156863][0.30000000000000004][0.3941176470588236][0.43333333333333335][0.39803921568627454][0.4019607843137255][0.43333333333333335][0.4294117647058824][0.4254901960784314][0.4254901960784314][0.42156862745098034][0.42156862745098034][0.4254901960784314][0.4137254901960784][0.4019607843137255][0.40588235294117647][0.3941176470588236][0.39803921568627454]
[0.43333333333333335][0.43333333333333335][0.43333333333333335][0.43333333333333335][0.43333333333333335][0.4294117647058824][0.43333333333333335][0.4411764705882353][0.30000000000000004][0.22549019607843135][0.23333333333333328][0.2686274509803922][0.29607843137254897][0.3274509803921568][0.32352941176470584][0.32352941176470584][0.3549019607843137][0.42156862745098034][0.3666666666666667][0.29607843137254897][0.4372549019607843][0.4294117647058824][0.43333333333333335][0.43333333333333335][0.4254901960784314][0.42156862745098034][0.4254901960784314][0.41764705882352937][0.41764705882352937][0.43333333333333335][0.4137254901960784][0.37058823529411766]
[0.43333333333333335][0.4372549019607843][0.4372549019607843][0.4372549019607843][0.4411764705882353][0.4411764705882353][0.4411764705882353][0.4529411764705882][0.44509803921568625][0.4411764705882353][0.42156862745098034][0.41764705882352937][0.3901960784313725][0.42156862745098034][0.37058823529411766][0.3509803921568627][0.39803921568627454][0.40588235294117647][0.3549019607843137][0.2686274509803922][0.4372549019607843][0.4294117647058824][0.4294117647058824][0.4294117647058824][0.42156862745098034][0.42156862745098034][0.4294117647058824][0.4411764705882353][0.4529411764705882][0.4647058823529412][0.4529411764705882][0.44509803921568625]
[0.4372549019607843][0.4372549019607843][0.4372549019607843][0.42156862745098034][0.28823529411764703][0.22549019607843135][0.22941176470588232][0.2647058823529411][0.3274509803921568][0.38627450980392153][0.4529411764705882][0.46862745098039216][0.4372549019607843][0.44509803921568625][0.42156862745098034][0.40980392156862744][0.4254901960784314][0.40980392156862744][0.38627450980392153][0.3392156862745098][0.42156862745098034][0.4254901960784314][0.42156862745098034][0.41764705882352937][0.40980392156862744][0.4137254901960784][0.4137254901960784][0.24901960784313726][0.13137254901960782][0.09999999999999998][0.08039215686274515][0.08431372549019611]
[0.4372549019607843][0.43333333333333335][0.4372549019607843][0.39803921568627454][0.15098039215686276][0.0607843137254902][0.09999999999999998][0.12352941176470589][0.13921568627450975][0.17450980392156867][0.24901960784313726][0.33529411764705885][0.43333333333333335][0.44509803921568625][0.4411764705882353][0.43333333333333335][0.4254901960784314][0.43333333333333335][0.4254901960784314][0.42156862745098034][0.42156862745098034][0.41764705882352937][0.41764705882352937][0.4137254901960784][0.3784313725490196][0.38235294117647056][0.40588235294117647][0.1470588235294118][0.03725490196078429][0.03725490196078429][0.021568627450980427][0.05294117647058827]
[0.4372549019607843][0.4372549019607843][0.43333333333333335][0.4137254901960784][0.292156862745098][0.14313725490196083][0.2686274509803922][0.3274509803921568][0.292156862745098][0.31176470588235294][0.29607843137254897][0.3156862745098039][0.4294117647058824][0.44509803921568625][0.4372549019607843][0.4294117647058824][0.4137254901960784][0.4019607843137255][0.38235294117647056][0.37450980392156863][0.35882352941176465][0.38235294117647056][0.37058823529411766][0.3392156862745098][0.307843137254902][0.3274509803921568][0.40588235294117647][0.3901960784313725][0.37450980392156863][0.3784313725490196][0.3431372549019608][0.3784313725490196]
[0.4490196078431372][0.4490196078431372][0.4137254901960784][0.41764705882352937][0.4294117647058824][0.3313725490196079][0.39803921568627454][0.4294117647058824][0.4137254901960784][0.4411764705882353][0.43333333333333335][0.42156862745098034][0.4294117647058824][0.36274509803921573][0.1823529411764706][0.13137254901960782][0.07647058823529407][0.045098039215686225][0.01764705882352946][-0.00588235294117645][-0.025490196078431393][0.23725490196078436][0.3392156862745098][0.21764705882352942][0.1823529411764706][0.3156862745098039][0.3901960784313725][0.44509803921568625][0.41764705882352937][0.3784313725490196][0.3509803921568627][0.37058823529411766]
[0.41764705882352937][0.3901960784313725][0.303921568627451][0.2686274509803922][0.3392156862745098][0.37450980392156863][0.36274509803921573][0.3313725490196079][0.3509803921568627][0.4137254901960784][0.4294117647058824][0.44509803921568625][0.44509803921568625][0.4137254901960784][0.20196078431372544][0.00588235294117645][-0.1156862745098039][-0.14705882352941174][-0.14313725490196078][-0.14313725490196078][-0.1392156862745098][0.21764705882352942][0.41764705882352937][0.38627450980392153][0.30000000000000004][0.303921568627451][0.2568627450980392][0.1470588235294118][0.09215686274509804][0.05294117647058827][0.07647058823529407][0.09607843137254901]
[0.34705882352941175][0.29607843137254897][0.12745098039215685][0.07647058823529407][0.09215686274509804][0.09607843137254901][0.06470588235294117][0.0490196078431373][0.07647058823529407][0.13921568627450975][0.1823529411764706][0.2647058823529411][0.3313725490196079][0.3901960784313725][0.40980392156862744][0.37450980392156863][0.31176470588235294][0.1588235294117647][0.02941176470588236][0.013725490196078383][0.04117647058823526][0.2450980392156863][0.3941176470588236][0.41764705882352937][0.31176470588235294][0.14313725490196083][0.14313725490196083][0.10784313725490191][-0.09999999999999998][-0.10784313725490197][-0.052941176470588214][-0.07647058823529412]
[0.3156862745098039][0.33529411764705885][0.22156862745098038][0.1823529411764706][0.13137254901960782][0.06862745098039214][0.009803921568627416][0.0019607843137254832][-0.017647058823529405][-0.03725490196078429][-0.017647058823529405][0.04117647058823526][0.08431372549019611][0.12352941176470589][0.17450980392156867][0.22941176470588232][0.3509803921568627][0.4254901960784314][0.3509803921568627][0.292156862745098][0.28431372549019607][0.27647058823529413][0.27254901960784317][0.21372549019607845][0.13137254901960782][-0.03725490196078429][-0.06862745098039214][0.11176470588235299][0.09999999999999998][-0.04509803921568628][-0.13137254901960782][-0.19803921568627453]
[0.21764705882352942][0.2568627450980392][0.3156862745098039][0.3549019607843137][0.3509803921568627][0.30000000000000004][0.24901960784313726][0.24117647058823533][0.23333333333333328][0.21372549019607845][0.21372549019607845][0.23333333333333328][0.1941176470588235][0.16666666666666663][0.1352941176470588][0.13921568627450975][0.2450980392156863][0.43333333333333335][0.4411764705882353][0.40980392156862744][0.4137254901960784][0.38235294117647056][0.3274509803921568][0.20588235294117652][0.1352941176470588][0.025490196078431393][-0.017647058823529405][0.08823529411764708][0.36274509803921573][0.09215686274509804][-0.3156862745098039][-0.3627450980392157]
[0.1470588235294118][0.11960784313725492][0.13137254901960782][0.16274509803921566][0.20196078431372544][0.27254901960784317][0.3196078431372549][0.3313725490196079][0.3784313725490196][0.40980392156862744][0.41764705882352937][0.40588235294117647][0.39803921568627454][0.4019607843137255][0.3392156862745098][0.3941176470588236][0.41764705882352937][0.44509803921568625][0.4372549019607843][0.36274509803921573][0.4372549019607843][0.4607843137254902][0.4647058823529412][0.4294117647058824][0.39803921568627454][0.3549019607843137][0.3274509803921568][0.3313725490196079][0.4372549019607843][0.3509803921568627][-0.19019607843137254][-0.40588235294117647]
[0.11176470588235299][0.11960784313725492][0.09215686274509804][0.0490196078431373][0.013725490196078383][0.021568627450980427][0.02941176470588236][0.04117647058823526][0.11960784313725492][0.17843137254901964][0.20588235294117652][0.13137254901960782][0.11176470588235299][0.22941176470588232][0.2647058823529411][0.22156862745098038][0.23725490196078436][0.2568627450980392][0.3431372549019608][0.31176470588235294][0.3666666666666667][0.3941176470588236][0.3941176470588236][0.3901960784313725][0.3901960784313725][0.4019607843137255][0.39803921568627454][0.3509803921568627][0.34705882352941175][0.37058823529411766][0.20196078431372544][-0.22156862745098038]
[0.11176470588235299][0.08039215686274515][0.0725490196078431][0.06470588235294117][0.05294117647058827][0.045098039215686225][0.025490196078431393][0.009803921568627416][0.033333333333333326][0.06470588235294117][0.09999999999999998][0.08039215686274515][0.06862745098039214][0.13921568627450975][0.16666666666666663][0.10392156862745094][0.10392156862745094][0.13921568627450975][0.22941176470588232][0.23725490196078436][0.24117647058823533][0.24117647058823533][0.2450980392156863][0.2529411764705882][0.2568627450980392][0.2529411764705882][0.2450980392156863][0.23333333333333328][0.24117647058823533][0.26078431372549016][0.31176470588235294][0.13137254901960782]
[0.11176470588235299][0.0725490196078431][0.04117647058823526][-0.00588235294117645][-0.02156862745098037][0.00588235294117645][0.021568627450980427][0.00588235294117645][-0.0019607843137254832][0.01764705882352946][0.045098039215686225][0.08039215686274515][0.10784313725490191][0.13921568627450975][0.1588235294117647][0.17450980392156867][0.18627450980392157][0.20588235294117652][0.22941176470588232][0.20980392156862748][0.17450980392156867][0.1470588235294118][0.12745098039215685][0.09607843137254901][0.08823529411764708][0.07647058823529407][0.056862745098039236][0.025490196078431393][-0.0019607843137254832][-0.02156862745098037][-0.056862745098039236][-0.07254901960784316]
[0.08431372549019611][0.05294117647058827][0.033333333333333326][0.0019607843137254832][-0.033333333333333326][-0.04901960784313725][-0.06862745098039214][-0.08823529411764708][-0.09999999999999998][-0.09607843137254901][-0.09215686274509804][-0.08431372549019606][-0.0607843137254902][-0.02941176470588236][-0.00588235294117645][-0.0019607843137254832][-0.00588235294117645][-0.00588235294117645][-0.025490196078431393][-0.08431372549019606][-0.1588235294117647][-0.19803921568627453][-0.22549019607843135][-0.2568627450980392][-0.26078431372549016][-0.27254901960784317][-0.2803921568627451][-0.296078431372549][-0.31176470588235294][-0.3627450980392157][-0.4019607843137255][-0.3392156862745098]
[0.11960784313725492][0.03725490196078429][0.0019607843137254832][-0.009803921568627472][0.04117647058823526][0.04117647058823526][-0.03725490196078429][-0.103921568627451][-0.14705882352941174][-0.17450980392156862][-0.19019607843137254][-0.1941176470588235][-0.2019607843137255][-0.19803921568627453][-0.1823529411764706][-0.22156862745098038][-0.2568627450980392][-0.2647058823529412][-0.2803921568627451][-0.33529411764705885][-0.4215686274509804][-0.4411764705882353][-0.4411764705882353][-0.43333333333333335][-0.40588235294117647][-0.38235294117647056][-0.3392156862745098][-0.27254901960784317][-0.292156862745098][-0.42549019607843136][-0.4215686274509804][-0.28431372549019607]
[0.18627450980392157][0.0725490196078431][0.021568627450980427][-0.04509803921568628][-0.052941176470588214][0.02941176470588236][0.08431372549019611][0.0725490196078431][-0.017647058823529405][-0.11176470588235293][-0.17450980392156862][-0.20980392156862743][-0.22941176470588237][-0.2529411764705882][-0.2568627450980392][-0.2647058823529412][-0.2568627450980392][-0.1941176470588235][-0.14313725490196078][-0.3627450980392157][-0.4725490196078431][-0.4725490196078431][-0.4568627450980392][-0.4176470588235294][-0.3549019607843137][-0.27647058823529413][-0.2019607843137255][-0.17058823529411765][-0.3392156862745098][-0.4294117647058824][-0.39803921568627454][-0.32352941176470584]
[0.2450980392156863][0.1470588235294118][0.06470588235294117][0.00588235294117645][-0.04509803921568628][-0.11960784313725492][-0.14313725490196078][-0.04509803921568628][0.05294117647058827][0.06470588235294117][0.021568627450980427][-0.00588235294117645][-0.0019607843137254832][-0.013725490196078438][-0.009803921568627472][0.013725490196078383][0.08039215686274515][0.20196078431372544][0.025490196078431393][-0.4411764705882353][-0.48823529411764705][-0.4843137254901961][-0.4725490196078431][-0.4215686274509804][-0.3627450980392157][-0.3156862745098039][-0.27647058823529413][-0.3196078431372549][-0.4568627450980392][-0.46862745098039216][-0.4647058823529412][-0.43333333333333335]
[0.26078431372549016][0.19019607843137254][0.11960784313725492][0.02941176470588236][-0.00588235294117645][-0.056862745098039236][-0.15490196078431373][-0.22549019607843135][-0.22941176470588237][-0.17450980392156862][-0.08431372549019606][-0.02156862745098037][0.00588235294117645][0.03725490196078429][0.05294117647058827][0.06470588235294117][0.08039215686274515][0.0725490196078431][-0.24901960784313726][-0.49215686274509807][-0.48823529411764705][-0.49215686274509807][-0.48823529411764705][-0.4725490196078431][-0.45294117647058824][-0.43333333333333335][-0.43333333333333335][-0.4725490196078431][-0.4843137254901961][-0.48823529411764705][-0.4725490196078431][-0.3627450980392157]
[0.2686274509803922][0.21764705882352942][0.1705882352941176][0.07647058823529407][0.0019607843137254832][-0.02941176470588236][-0.04509803921568628][-0.09999999999999998][-0.22156862745098038][-0.3196078431372549][-0.33529411764705885][-0.307843137254902][-0.26862745098039215][-0.2372549019607843][-0.22941176470588237][-0.2372549019607843][-0.23333333333333334][-0.26862745098039215][-0.4568627450980392][-0.49607843137254903][-0.49607843137254903][-0.5][-0.5][-0.49215686274509807][-0.4803921568627451][-0.4647058823529412][-0.4803921568627451][-0.5][-0.49215686274509807][-0.49607843137254903][-0.4176470588235294][-0.24901960784313726]
[0.2803921568627451][0.23333333333333328][0.1823529411764706][0.08823529411764708][0.013725490196078383][-0.03725490196078429][-0.04901960784313725][-0.04901960784313725][-0.08823529411764708][-0.17843137254901958][-0.2803921568627451][-0.34705882352941175][-0.3666666666666667][-0.3588235294117647][-0.33137254901960783][-0.3196078431372549][-0.28823529411764703][-0.3509803921568627][-0.49215686274509807][-0.5][-0.5][-0.5][-0.5][-0.5][-0.49215686274509807][-0.4803921568627451][-0.49215686274509807][-0.5][-0.49215686274509807][-0.49607843137254903][-0.33137254901960783][-0.17843137254901958]
[0.28823529411764703][0.23725490196078436][0.1705882352941176][0.09215686274509804][0.03725490196078429][-0.00588235294117645][-0.033333333333333326][-0.056862745098039236][-0.0607843137254902][-0.06470588235294117][-0.11176470588235293][-0.1823529411764706][-0.28431372549019607][-0.4137254901960784][-0.45294117647058824][-0.40980392156862744][-0.3156862745098039][-0.39019607843137255][-0.5][-0.49215686274509807][-0.49607843137254903][-0.5][-0.5][-0.49607843137254903][-0.49215686274509807][-0.48823529411764705][-0.49607843137254903][-0.5][-0.49607843137254903][-0.48823529411764705][-0.303921568627451][-0.13529411764705884]
[0.28823529411764703][0.2568627450980392][0.20196078431372544][0.13137254901960782][0.06862745098039214][0.03725490196078429][-0.00588235294117645][-0.04901960784313725][-0.06470588235294117][-0.0607843137254902][-0.056862745098039236][-0.103921568627451][-0.17843137254901958][-0.2568627450980392][-0.3392156862745098][-0.4019607843137255][-0.40588235294117647][-0.44901960784313727][-0.49215686274509807][-0.4764705882352941][-0.49215686274509807][-0.49607843137254903][-0.49607843137254903][-0.49607843137254903][-0.49215686274509807][-0.4843137254901961][-0.4843137254901961][-0.49215686274509807][-0.4843137254901961][-0.4568627450980392][-0.3549019607843137][-0.15098039215686276]
[0.28431372549019607][0.2686274509803922][0.21764705882352942][0.14313725490196083][0.09215686274509804][0.04117647058823526][-0.0019607843137254832][-0.033333333333333326][-0.0607843137254902][-0.08039215686274509][-0.06862745098039214][-0.08823529411764708][-0.15490196078431373][-0.16666666666666669][-0.1823529411764706][-0.2372549019607843][-0.32352941176470584][-0.3941176470588235][-0.4176470588235294][-0.4215686274509804][-0.4411764705882353][-0.44509803921568625][-0.44901960784313727][-0.45294117647058824][-0.45294117647058824][-0.44901960784313727][-0.4411764705882353][-0.4411764705882353][-0.43333333333333335][-0.4137254901960784][-0.3588235294117647][-0.17843137254901958]
[0.2803921568627451][0.24901960784313726][0.19803921568627447][0.13921568627450975][0.09999999999999998][0.05294117647058827][0.021568627450980427][-0.017647058823529405][-0.041176470588235314][-0.07647058823529412][-0.08431372549019606][-0.08039215686274509][-0.11960784313725492][-0.11960784313725492][-0.1392156862745098][-0.17450980392156862][-0.20980392156862743][-0.26862745098039215][-0.31176470588235294][-0.32352941176470584][-0.3196078431372549][-0.32745098039215687][-0.3392156862745098][-0.3431372549019608][-0.3509803921568627][-0.3666666666666667][-0.37058823529411766][-0.3627450980392157][-0.3549019607843137][-0.3509803921568627][-0.31176470588235294][-0.17450980392156862]

